0.00185210197047, 0.103872939781, 0.0057348005734, 0.00635776412499, 0.412221458351, 0.0116077450914, 0.0233178477089, 0.0100006567961, 0.00879328961497, 0.409427385754, 0.00409744996616, 0.00271656026791
0.0023885528489, 0.0835566693693, 0.00945732573194, 0.00525777950704, 0.242893987673, 0.00957380522215, 0.0195604876758, 0.0116553683239, 0.0151669493633, 0.565004059038, 0.00574838016118, 0.0297366350853
0.00131234272491, 0.100607268414, 0.0116123531088, 0.00638513712529, 0.329793833166, 0.0154956291111, 0.030767163188, 0.0077675249403, 0.017985527839, 0.471700068529, 0.00275815507789, 0.00381499677624
0.0022254566042, 0.136607298, 0.0153131075043, 0.00527920029892, 0.289958026586, 0.0204871826578, 0.0128406895984, 0.00303910388365, 0.00601512534599, 0.489912122041, 0.00757183540083, 0.0107508520793
0.00143902389208, 0.107827341279, 0.0108967040375, 0.00544046034052, 0.321879319665, 0.0187439420397, 0.0195003668312, 0.00606540211906, 0.0158912948393, 0.449978849033, 0.0067232699184, 0.035614026005
0.00430803452523, 0.108507539464, 0.0164519831676, 0.00608327510093, 0.135115881693, 0.0172916417953, 0.0290051877863, 0.0661743748004, 0.0323729724654, 0.539499120653, 0.00451875261488, 0.0406712359339
0.0016926463668, 0.131990930821, 0.0108312841895, 0.00706078281149, 0.301172417425, 0.00802577225719, 0.00595794782224, 0.00933264715631, 0.0104060881303, 0.493035319664, 0.0118389904141, 0.00865517294207
0.0028071604834, 0.100504027273, 0.00614093937451, 0.00756559511683, 0.362061410065, 0.0102856050783, 0.0451330479688, 0.0322612163908, 0.0291986770338, 0.360516567406, 0.00450965675581, 0.0390160970526
0.00095516402941, 0.0576909049827, 0.00442357437473, 0.0043746115141, 0.303539543774, 0.0109708528135, 0.0392404378533, 0.0186273388075, 0.0116749017253, 0.524406516385, 0.00402704691312, 0.0200691068279
0.00144306439321, 0.107889238208, 0.00846516687297, 0.00547112044368, 0.368715263516, 0.00506570728224, 0.0100780281986, 0.007859056131, 0.00665283755672, 0.458810988577, 0.00550985500967, 0.0140396738109
0.00129338622511, 0.142331777098, 0.00764531667374, 0.00793741680503, 0.368302964381, 0.0463302251967, 0.0237149230726, 0.0137951714544, 0.00966381184629, 0.368089936109, 0.00650603264153, 0.00438903849696
0.00186510647786, 0.315800377772, 0.00961738038129, 0.00865948727679, 0.0764752402903, 0.0382034340485, 0.0212223987377, 0.0105333236767, 0.0116733489032, 0.49262196558, 0.00576489895848, 0.00756303789663
0.000987271038795, 0.0866613342774, 0.00682110655797, 0.0129487615992, 0.41317757136, 0.00376990773268, 0.023213923343, 0.0108254839672, 0.00621451852334, 0.415552587445, 0.00257279268471, 0.0172547414698
0.00278423476546, 0.0991415706277, 0.0102327244224, 0.00439238164632, 0.301880358698, 0.0102961181454, 0.0190796995505, 0.0276313067094, 0.0194912257978, 0.477853864347, 0.00554067695165, 0.0216758383387
0.00114783599867, 0.0844726908244, 0.00663088003623, 0.00603047997119, 0.28744880343, 0.0161684712679, 0.0217638834685, 0.00482506978288, 0.00789536093677, 0.537891411403, 0.00546593303133, 0.0202591798498
0.00222138655222, 0.0881407055941, 0.00589201633139, 0.0059851763504, 0.361760611958, 0.00896967621319, 0.0369791353098, 0.0296519810782, 0.0328729940205, 0.361540130672, 0.00269311936897, 0.0632930665512
0.0020914299508, 0.0840655680184, 0.0059979631268, 0.0114083599764, 0.389282289252, 0.0294782808148, 0.014977323346, 0.00932622125667, 0.00745807320166, 0.420772682417, 0.00502852254193, 0.0201132860973
0.00309645015641, 0.105528139848, 0.00974683040263, 0.019445850517, 0.36905191566, 0.0211097532884, 0.05232703342, 0.0162232168055, 0.00878292721467, 0.37022427828, 0.00846598359723, 0.0159976208106
0.00396481555419, 0.127287390421, 0.00679036322073, 0.014802155996, 0.375026039095, 0.0123703630147, 0.0232233028873, 0.0277575735081, 0.0159862632575, 0.37382388262, 0.00644691830059, 0.0125209321253
0.00157498490961, 0.0684250454308, 0.0101572753702, 0.00647026351611, 0.333168965133, 0.00914806470748, 0.0376900320197, 0.00852690385026, 0.0111833513248, 0.505496980423, 0.00479393881811, 0.00336419449659
0.0023362141313, 0.201308931382, 0.0168847096191, 0.00719205637326, 0.204992018845, 0.00969628236353, 0.0155268156357, 0.0190610611154, 0.0113612102084, 0.5011671477, 0.00448560325534, 0.00598794937107
0.00158498819115, 0.101856119992, 0.0218262441616, 0.0112974403637, 0.563339063971, 0.0221202776582, 0.0239608271698, 0.00795257084061, 0.00639339575423, 0.210207848764, 0.00391428764747, 0.0255469354854
0.00171589966941, 0.0538374660051, 0.0188901297358, 0.00517282112917, 0.366226109954, 0.0103590684127, 0.0204851404722, 0.0308091917477, 0.0115471456202, 0.442730828345, 0.00270262125175, 0.0355235776568
0.00161231750786, 0.0711418804388, 0.00872090852858, 0.00733010938596, 0.292362636829, 0.0167975262304, 0.0301164702403, 0.0122341819488, 0.0292697649505, 0.473820457397, 0.00754080606939, 0.0490529404735
0.0016595655875, 0.147751336767, 0.00658506041302, 0.0124599453795, 0.348846132688, 0.0244916353399, 0.0170853528494, 0.0151330252586, 0.00972292773449, 0.396565279004, 0.00816953564751, 0.0115302033313
0.00115011564211, 0.116537378015, 0.00296272830238, 0.00357123658316, 0.270101229158, 0.00666215290166, 0.00234920257414, 0.0135642552967, 0.0436596799337, 0.507764086609, 0.0061675264723, 0.0255104085117
0.00400026916936, 0.140301143518, 0.00416094348208, 0.00596730130409, 0.228675206366, 0.0115692797932, 0.00622085616365, 0.0611096183762, 0.0723549474111, 0.424092132463, 0.00781771509527, 0.0337305868576
0.00124246125943, 0.107706128828, 0.00174386325529, 0.00305024447382, 0.200086404536, 0.00408277021182, 0.00325762083948, 0.0278510743477, 0.0339583649112, 0.59003347743, 0.0140521653331, 0.0129354245741
0.0021567094416, 0.204683114386, 0.00557198252596, 0.00525030205544, 0.132347223242, 0.00914144280452, 0.00493157693782, 0.0189256581659, 0.0488634464574, 0.511495687727, 0.00846957765753, 0.0481632785987
0.00232506913602, 0.0881575008221, 0.00167975038551, 0.00197633056648, 0.220660942606, 0.00336222912079, 0.00277612486805, 0.0123461039165, 0.0435609802686, 0.598164620687, 0.00795940006481, 0.0170309475577
0.00104246251223, 0.0970964943516, 0.00243574396015, 0.00200575162082, 0.278435601849, 0.00415590328245, 0.00436450812829, 0.00785403071881, 0.0324981370214, 0.534074662897, 0.00726610506321, 0.0287705985955
0.00158024690363, 0.242412013491, 0.00341820394013, 0.00156286589329, 0.234025429244, 0.00354290162222, 0.00420530208313, 0.0124114772332, 0.0246538409656, 0.456396756783, 0.00773469751321, 0.00805626432833
0.00121819923263, 0.213553821831, 0.00256565253675, 0.0019694106817, 0.215212845237, 0.00344883779834, 0.00292883415171, 0.0100008741658, 0.0251532618609, 0.501759589357, 0.0102446535802, 0.0119440195677
0.00164853979581, 0.253367281774, 0.00501548155878, 0.00353552184742, 0.156735061857, 0.00583777136957, 0.00456383276843, 0.00568158271593, 0.0102411679237, 0.474425102374, 0.04271384064, 0.0362348153751
0.00309521095754, 0.332432879947, 0.00499007701451, 0.00598271012629, 0.11753421656, 0.00419240608572, 0.0104488427884, 0.0881296941731, 0.08829322563, 0.313618458126, 0.021642717047, 0.00963956154491
0.00241383338701, 0.205575429359, 0.00396580063097, 0.00386337409259, 0.154180500873, 0.00498713438123, 0.00415619361895, 0.0220538945957, 0.0933738179264, 0.454120398616, 0.00769653887172, 0.0436130836474
0.00465663091627, 0.1050359438, 0.0149094020984, 0.00602042377718, 0.255899072456, 0.0128243653502, 0.011825773449, 0.0860827671805, 0.122964092096, 0.297848763068, 0.0170213551108, 0.0649114106968
0.00132498069538, 0.0840409330461, 0.00127608975056, 0.00244403118367, 0.128463353979, 0.00302011596148, 0.00484140353175, 0.0184144424896, 0.0564746236067, 0.676027524381, 0.0113825916178, 0.0122899097575
0.00202864027157, 0.0203122548189, 0.00137133152761, 0.00510072884472, 0.104205522872, 0.00113286971729, 0.00145305098217, 0.00519170471684, 0.0275890683173, 0.813166881032, 0.0116487501416, 0.00679919675783
0.00390473686858, 0.0548265146644, 0.00282092453292, 0.0077782709907, 0.308496165644, 0.00722865712808, 0.00502541739721, 0.0607300519586, 0.0785986947125, 0.463819766622, 0.00302476300648, 0.00374603647438
0.00261368017418, 0.214434865463, 0.00433050297667, 0.00364594447931, 0.424148104517, 0.0163680388338, 0.0116797823488, 0.0129063203966, 0.0289167256623, 0.261449692529, 0.00985228715624, 0.00965405546282
0.0027707696033, 0.179007290656, 0.0018756932233, 0.00241093892149, 0.25229098952, 0.00591216892619, 0.00264517902685, 0.0303990871522, 0.0365355982963, 0.465335808088, 0.0145147245699, 0.00630175201585
0.00202702756756, 0.159855629631, 0.00203680773173, 0.00276424194777, 0.27447507579, 0.00496171857307, 0.00369393832068, 0.0159209676924, 0.0416911622325, 0.457848803134, 0.0078048000906, 0.0269198272886
0.0007893692487, 0.0764511623795, 0.00105247420648, 0.00210874179848, 0.176879606038, 0.00251862122037, 0.00327679569983, 0.0196235932734, 0.0607968521521, 0.645083172903, 0.00760169221255, 0.0038179188669
0.00306012934612, 0.231405572581, 0.00230295824353, 0.00218941891951, 0.249943140479, 0.0022821868371, 0.00517194752388, 0.011546801566, 0.0271268849878, 0.446856900416, 0.00774393797215, 0.0103701211273
0.00302285156953, 0.112502893188, 0.0157873600742, 0.0014292470325, 0.0820501605492, 0.00371933376242, 0.000875957675042, 0.00783904361158, 0.0303852654613, 0.701087151042, 0.0299603419939, 0.0113403940404
0.00405539953001, 0.200996959821, 0.00235880552777, 0.00563248328652, 0.0514523069863, 0.0088675102439, 0.00103448983975, 0.0206456330322, 0.0343578135652, 0.609458859787, 0.0544906885989, 0.00664904978177
0.00168551199558, 0.189193303545, 0.00220579029088, 0.00740193724675, 0.318287236602, 0.0108207705706, 0.0105041831257, 0.0361909770167, 0.0537503996414, 0.346888753242, 0.00843717115469, 0.0146339655685
0.00131530946305, 0.139557219888, 0.00234150834218, 0.00239030964697, 0.143399503814, 0.00508335224545, 0.00296111316599, 0.0143714409448, 0.0545000563795, 0.620611321272, 0.0100768716069, 0.00339199323038
0.00197786268474, 0.150094063716, 0.00318976145961, 0.00246224966451, 0.116218395715, 0.00512452171089, 0.00313696886093, 0.01691442455, 0.0321289993248, 0.655419607649, 0.00858304216566, 0.00475010249911
0.00125295456992, 0.144998223066, 0.00155431158687, 0.003738560093, 0.316790549005, 0.0123291118775, 0.00354255667371, 0.0120945533722, 0.0105430344659, 0.478334787046, 0.00173490148732, 0.0130864567557
0.00112443667401, 0.109197174565, 0.00166532760748, 0.00449945748695, 0.26438573072, 0.00556312573215, 0.00981594802555, 0.00895438216542, 0.0190521287882, 0.561469054233, 0.00330387312492, 0.0109693608773
0.00147458851334, 0.134087593964, 0.00321430340812, 0.00480974181793, 0.232503494502, 0.00806226606294, 0.0106900455778, 0.0157427217964, 0.0142491472571, 0.554257530346, 0.00304344571763, 0.0178651210364
0.0013054832906, 0.153301165679, 0.00178864268615, 0.00305945110801, 0.207220617135, 0.0135160539041, 0.00723974646869, 0.00586868346416, 0.0114753607592, 0.58174511958, 0.00390622137051, 0.00957345455396
0.00236878373297, 0.125022694255, 0.00387532797642, 0.00398116612867, 0.299610799993, 0.016828671686, 0.00971412164688, 0.00841232019368, 0.0491337403137, 0.428150923075, 0.00285442760446, 0.0500470233935
0.00390719561904, 0.140689511228, 0.00447798655288, 0.00588799085863, 0.328296892279, 0.0261084348611, 0.0290562664995, 0.0139559668991, 0.0147067556541, 0.408846100605, 0.0046503620131, 0.0194165369308
0.00175796350532, 0.0999690270173, 0.00346995280987, 0.00627088702464, 0.274439463117, 0.0126529058423, 0.0214499017805, 0.00980742813734, 0.024022055654, 0.528581054022, 0.004265079769, 0.0133142813207
0.0008824329418, 0.19207192006, 0.00277913282658, 0.00275157705046, 0.25924207248, 0.0138376349375, 0.0107361399189, 0.00705327150282, 0.00735324352221, 0.489110053569, 0.00532451035964, 0.00885801083148
0.0017145895678, 0.249487303737, 0.00633544424395, 0.00415401538919, 0.245541208461, 0.00929089008139, 0.00391259143316, 0.00466635473587, 0.00724920335987, 0.404940009301, 0.00694550801549, 0.0557628816738
0.00301313502421, 0.23283741315, 0.00854855188774, 0.0132823789302, 0.230339233185, 0.00789220723172, 0.00971976121006, 0.0090242558553, 0.00948048711309, 0.456518759548, 0.00754061642765, 0.0118032004377
0.00291609612746, 0.186301695936, 0.00320284380321, 0.00448308377593, 0.246216592097, 0.0097198973829, 0.0134636872291, 0.017279724538, 0.0115814475712, 0.496073890757, 0.00661584294765, 0.00214519783427
0.00112659022599, 0.0866464711225, 0.00429544394733, 0.00557556386546, 0.298184758969, 0.0110469093574, 0.015720338733, 0.0197686071538, 0.026652831431, 0.492990582158, 0.00622096934186, 0.0317709336942
0.00171447836683, 0.138996956301, 0.00133414835956, 0.00457721828381, 0.332054718373, 0.00729007743012, 0.0144393738501, 0.00718396443965, 0.0115705839808, 0.470830796936, 0.00217220460413, 0.00783547907544
0.00107661008674, 0.0967806769083, 0.0023776697334, 0.00490718623835, 0.324768268244, 0.010307821833, 0.0162059882636, 0.00743022867744, 0.0107390474087, 0.513868181131, 0.00401324079476, 0.00752508068006
0.00149257969597, 0.0878146783052, 0.00287161310931, 0.00507778131074, 0.337689430327, 0.0117718668631, 0.0115634089199, 0.0242904784611, 0.0488386360691, 0.415037603164, 0.00520567334809, 0.0483462504267
0.000660008063853, 0.103798617132, 0.00310275510896, 0.00303870694505, 0.289302261619, 0.0141783803515, 0.0101439567387, 0.00551244093279, 0.00907272861676, 0.551997863731, 0.00226689198155, 0.0069253887792
0.00161796172146, 0.0966983541889, 0.00462365595692, 0.00606744339845, 0.337958681897, 0.0130030104864, 0.0183597112374, 0.011540589769, 0.0196807769539, 0.46956079165, 0.00464856479786, 0.0162404579426
0.00380916723492, 0.0900526592192, 0.00321832178191, 0.00362502051276, 0.355742045577, 0.0290763599558, 0.0348466081229, 0.00927235359014, 0.0363116709328, 0.381186337962, 0.00745379088231, 0.0454056642281
0.00183218058785, 0.271960379165, 0.00227051955127, 0.00425147109538, 0.114712664546, 0.0126512185595, 0.0038524643281, 0.00979317743359, 0.0230547992499, 0.549617776521, 0.00264758955549, 0.00335575940699
0.00417569256125, 0.101662926055, 0.00568976694942, 0.010827532731, 0.617255450104, 0.0138488607889, 0.0185213836891, 0.0107751809725, 0.0475963627511, 0.130686697528, 0.00626392356173, 0.0326962223084
0.00124099485774, 0.141010561562, 0.00238044041837, 0.00436056366208, 0.210645469766, 0.00698563775473, 0.0112975536499, 0.0109163849104, 0.0204496114994, 0.582850596903, 0.00379909827447, 0.00406308674215
0.0044629170577, 0.134064373449, 0.0109364907883, 0.0132182312646, 0.372309214642, 0.0209795020783, 0.00507370585736, 0.00614439482665, 0.0188701678304, 0.393810042524, 0.00514121332041, 0.0149897463618
0.00153710567881, 0.195040873395, 0.00228277886722, 0.00333497591075, 0.278098714736, 0.0105640975482, 0.00537403309511, 0.00960082695056, 0.0148214032794, 0.460956500214, 0.00495449609009, 0.0134341942353
0.00336705040282, 0.170126615496, 0.00485745376801, 0.0138276823489, 0.299265113921, 0.0503318902154, 0.0293450092417, 0.0236470756024, 0.0150223008431, 0.37137649017, 0.00706591644694, 0.0117674015433
0.00119501992738, 0.183427164881, 0.00614233681121, 0.00392914397426, 0.161714610333, 0.00940700051316, 0.00943968302965, 0.0101183291662, 0.0135940016601, 0.592600230516, 0.00403148703641, 0.00440099215283
0.00274691028044, 0.0656726322695, 0.00269436511658, 0.00695078493178, 0.392750878641, 0.0279817670711, 0.00917583444359, 0.0108607411214, 0.019120735086, 0.450243905204, 0.00334335783827, 0.00845808799638
0.00150051243694, 0.0823976884635, 0.00291889097096, 0.00898848255746, 0.25320073927, 0.0286222275754, 0.00659868497974, 0.0176872796279, 0.0499403793981, 0.536904556548, 0.00217542357617, 0.00906513459623
0.00377439190408, 0.117551050812, 0.00240523924414, 0.0151713773104, 0.317444844187, 0.0118128619113, 0.00852047517423, 0.00476705409837, 0.0100790329059, 0.49102056498, 0.00271332403676, 0.0147397834361
0.00134624541903, 0.0337511833694, 0.00143751440899, 0.00769309380194, 0.274028952349, 0.0188607763829, 0.00694368451345, 0.00913080270407, 0.0256098483905, 0.585688924541, 0.00271428079262, 0.0327946933263
0.00222969605894, 0.0356713809056, 0.00486587810059, 0.00450646954509, 0.525352937197, 0.0285503723324, 0.00563661842764, 0.00488600280961, 0.0300941162622, 0.29027538693, 0.00278707987724, 0.0651440615538
0.00334204218365, 0.0508978615355, 0.00630930272655, 0.00763575374496, 0.230752653683, 0.0255162201671, 0.0076207416924, 0.00751874359917, 0.0233943571286, 0.61392284767, 0.00800223628804, 0.0150872395808
0.00646227630337, 0.0710792326048, 0.00281787116436, 0.00689854370041, 0.463926703515, 0.0141532983092, 0.0119816925209, 0.00401637783738, 0.0436459440877, 0.342669885643, 0.00163406864681, 0.030714105667
0.00373668387541, 0.102546506704, 0.00577954609525, 0.0123319278856, 0.37890881231, 0.0226883178714, 0.0177950597209, 0.00534418265274, 0.0741808648115, 0.260473915706, 0.00788206867768, 0.10833211369
0.00317928957888, 0.097903087217, 0.00407078064743, 0.0101030351923, 0.389674094089, 0.0371805586781, 0.0122313215944, 0.010335399005, 0.0173374873146, 0.395394684071, 0.005216266565, 0.0173739960472
0.000817788989901, 0.0412028908516, 0.00205747109998, 0.00519945544599, 0.363884200783, 0.0347353124164, 0.00502005786252, 0.00846428402619, 0.0182814194797, 0.511750843779, 0.00320252654065, 0.00538374872522
0.00629701565206, 0.0548313152648, 0.00954738853473, 0.00925382485746, 0.31250340461, 0.142061211175, 0.0410323471503, 0.00760776319775, 0.0248688057513, 0.350474637, 0.00522354784434, 0.0362987389627
0.00763341093334, 0.0609212329064, 0.00939325754462, 0.0241219450256, 0.320059248264, 0.0380687603972, 0.0154307751464, 0.0110975417982, 0.0220473115392, 0.458836175792, 0.00819453098879, 0.024195809665
0.00414533714122, 0.168164503665, 0.0178546784691, 0.00687083986267, 0.257775655022, 0.0291296113065, 0.00662395942658, 0.00837490890935, 0.032702641338, 0.412076344023, 0.0171391920693, 0.0391423287665
0.00532682946971, 0.0994636431806, 0.0121451963661, 0.0228751091967, 0.384335832035, 0.0434349736934, 0.0123959163798, 0.00928336138612, 0.0301030341314, 0.320527341844, 0.00990566688611, 0.0502030954307
0.0027037719739, 0.116055636907, 0.00768469201493, 0.0148296682959, 0.292082258717, 0.0375982323398, 0.0151646806445, 0.0105627336589, 0.0157931632822, 0.467913782233, 0.00501995510984, 0.0145914248229
0.00532888901994, 0.0811695005502, 0.00857661043623, 0.030927216676, 0.436290314645, 0.0781417921682, 0.0217706721463, 0.014255115728, 0.0295311648075, 0.232730849735, 0.0102769625974, 0.0510009114902
0.00337853158472, 0.0956486726007, 0.0029889357162, 0.00713908414224, 0.535525573515, 0.0318955628903, 0.00602758615071, 0.0086447943234, 0.040841676585, 0.217580295532, 0.00321005130867, 0.0471192356512
0.00207008986919, 0.0485971356074, 0.00190211418413, 0.00767734546704, 0.321624759809, 0.0353132310366, 0.0105775186846, 0.00745811877544, 0.0154282980667, 0.534246291552, 0.0029078783355, 0.0121972186122
0.00474454382049, 0.0955324657456, 0.00984473180797, 0.00450185622973, 0.160154095782, 0.0155374745907, 0.00977855530809, 0.00845383295247, 0.0407293692997, 0.598532704604, 0.00538380167992, 0.0468065681789
0.00162823795667, 0.0990799058443, 0.00214601991847, 0.00843799632255, 0.240771635662, 0.031529423208, 0.00889536290687, 0.0134156257753, 0.0243070233901, 0.561829207235, 0.00299664228284, 0.00496291949817
0.0132290491743, 0.111223189282, 0.0148108434249, 0.00354519619684, 0.133487497952, 0.0257931530096, 0.0111690350448, 0.0136169060177, 0.030394298521, 0.590111651027, 0.0267061575435, 0.0259130228074
0.00295586169539, 0.204096622162, 0.00824834183962, 0.0247689703277, 0.527299602485, 0.0622623364338, 0.0136676829259, 0.010704167628, 0.0273325888629, 0.0899251705558, 0.00245298999346, 0.0262856650903
0.00197173059749, 0.052393943922, 0.00292917458054, 0.00261780505821, 0.0153767023573, 0.0139508133868, 0.0118035322718, 0.00873887819142, 0.0165750622683, 0.859962775958, 0.00661643834532, 0.00706314306291
0.00349680864435, 0.166973652996, 0.0100314444401, 0.00846569103611, 0.352556747133, 0.0139578801318, 0.00710568161174, 0.00432374766725, 0.0159578090515, 0.283379807232, 0.00475568026523, 0.128995049791
0.00174112337603, 0.0710989254534, 0.00337674666701, 0.00642547814081, 0.218809599275, 0.0292426754442, 0.00427061188861, 0.00880934350581, 0.0224744483962, 0.621232402077, 0.00290446301006, 0.00961418276543
0.00297621649973, 0.272229344162, 0.00519098112836, 0.00350602015971, 0.31181579127, 0.018566594909, 0.0380134411161, 0.00536634347946, 0.0211705238936, 0.289724393583, 0.00303402549191, 0.0284063243078
0.00150962854513, 0.198114299136, 0.00647436983655, 0.00253806390413, 0.166074126203, 0.00505803602513, 0.0260772130493, 0.00299713114224, 0.00648032828843, 0.563525160173, 0.00298406655204, 0.0181675771454
0.00141231755021, 0.301129201933, 0.0123355823686, 0.00684376624504, 0.0810862898493, 0.00925779378572, 0.0302445832388, 0.00630217998166, 0.00430909515203, 0.534900994672, 0.00313361197341, 0.00904458324976
0.00356225897956, 0.298075850312, 0.0187475031613, 0.00678896147047, 0.242785219065, 0.0150762257629, 0.0101525763193, 0.00587288284493, 0.018847790347, 0.354206070456, 0.00513338730163, 0.0207512739796
0.00111002158773, 0.167206358381, 0.00835504869134, 0.00381924327017, 0.184433808286, 0.00881918275632, 0.035263661976, 0.00329055088925, 0.0192070167407, 0.494696310976, 0.00279731975309, 0.0710014766921
0.00463836562883, 0.231249776981, 0.0113788618435, 0.00726633480051, 0.30852334403, 0.0157474645651, 0.0395523299157, 0.0156202058698, 0.0718843648094, 0.123823130248, 0.00466612468314, 0.165649696625
0.00522260320598, 0.240246965174, 0.0196178263386, 0.00637338185405, 0.212872906074, 0.0179859752877, 0.0218834040975, 0.0102590830733, 0.0459674984451, 0.288410065654, 0.00414074125778, 0.127019549538
0.00303261097213, 0.23585615193, 0.0512061225997, 0.00970794838421, 0.140574074985, 0.00788467438933, 0.00298981565515, 0.00275950408344, 0.0093866627463, 0.518236888648, 0.00609834298756, 0.0122672026203
0.00298473778841, 0.329379089647, 0.0323255409091, 0.00833783855513, 0.204293927099, 0.0206893935491, 0.0347912648957, 0.00535879511252, 0.00887833333654, 0.3295196139, 0.00478821119974, 0.0186532540074
0.000915801376708, 0.161786435127, 0.0140727952345, 0.00287355483341, 0.157861795834, 0.0127379192932, 0.0470608759669, 0.00359324580407, 0.0145819340569, 0.513782641948, 0.00211557312072, 0.068617427405
0.00286797876216, 0.168830385965, 0.00586443487437, 0.00807101208888, 0.182414571284, 0.019758766051, 0.0193704311527, 0.00846155490374, 0.019509498029, 0.474568021755, 0.00410662330891, 0.0861767218254
0.00195596757371, 0.315902602478, 0.0130518076176, 0.00617225621705, 0.17055453361, 0.0162841092196, 0.0104777392245, 0.00634878994993, 0.0375556164182, 0.376891676149, 0.00608845517859, 0.0387164463642
0.00472166760979, 0.195138749206, 0.0183796447618, 0.00490876525904, 0.105862284562, 0.0158775417819, 0.034328191992, 0.00607626596948, 0.0230802025696, 0.533957630007, 0.00453806878055, 0.0531309875008
0.00323120760199, 0.243912683557, 0.0388253405218, 0.00575191649695, 0.109335986758, 0.00963270387583, 0.0230349062308, 0.0114238151043, 0.0301026826654, 0.428717328433, 0.0032718222238, 0.09275960653
0.004899249033, 0.18709427419, 0.0591532437148, 0.00479831504783, 0.298461009511, 0.0324171303866, 0.0331325134969, 0.00606212546222, 0.0130517045483, 0.338759866311, 0.00212662032794, 0.0200439479702
0.00277267038725, 0.272060600072, 0.0425296033097, 0.00754793633897, 0.270320758938, 0.0145769960023, 0.01780169161, 0.00771073892445, 0.0107256575475, 0.332641888643, 0.00341807499837, 0.0178933832281
0.00272418744566, 0.534860701691, 0.0122164905805, 0.0458799001367, 0.0512954825074, 0.0148272566386, 0.0108617945956, 0.0060851141758, 0.0281125908651, 0.218278895722, 0.00606926554079, 0.0687883201009
0.00676317532453, 0.187745997473, 0.0266025363672, 0.00623576796409, 0.13653562561, 0.00805148567431, 0.0201186497923, 0.0139282783225, 0.013189105106, 0.517228581457, 0.004500053619, 0.0591007432907
0.00199715596212, 0.3925163339, 0.00830755299424, 0.0211670513118, 0.0326744485798, 0.00775313571515, 0.00674313199233, 0.00545000839667, 0.0101492874388, 0.467801403456, 0.00417814603043, 0.0412623442221
0.00147661635795, 0.151996633219, 0.0214895148078, 0.00827281599601, 0.164255421734, 0.013389420544, 0.0134441660695, 0.00230711473324, 0.0100452147986, 0.595239586414, 0.0046117170637, 0.0134717782623
0.00273015672075, 0.306540342179, 0.0279396350484, 0.0102149903627, 0.174507086624, 0.0142586082638, 0.0243864100779, 0.0231761922989, 0.0350806632361, 0.328383536665, 0.00277427094915, 0.0500081075737
0.00261745255324, 0.161086902934, 0.0200483296255, 0.00528081610225, 0.1747774771, 0.00770556192541, 0.0167922324906, 0.00372930357851, 0.0131482847779, 0.526584445497, 0.00382299054403, 0.0644062028715
0.00184103585163, 0.179711280468, 0.0610005334709, 0.0139576640426, 0.161947830571, 0.0115265484184, 0.024275286807, 0.00989753465258, 0.0530261701839, 0.390500608875, 0.00408616476374, 0.0882293418952
0.00250801891202, 0.123119092897, 0.0992220384489, 0.00684238373463, 0.29660691206, 0.0047922214738, 0.0365372495773, 0.00636508845984, 0.0408131759971, 0.245803443875, 0.00443838295813, 0.132951991606
0.000810574638854, 0.109035022841, 0.00857111500309, 0.00409745941992, 0.176842861633, 0.00957913507306, 0.0372006248851, 0.00570783277976, 0.0113686463878, 0.616728079616, 0.00305515155172, 0.0170034961707
0.00134722226101, 0.268041761316, 0.00803718156112, 0.00144334041243, 0.285888269832, 0.00524857170507, 0.00419903739242, 0.00696286274952, 0.067720155236, 0.326417313415, 0.00429328498757, 0.0204009991319
0.00242559878628, 0.273598104877, 0.00142199204465, 0.00819164091044, 0.127873876199, 0.00424792497649, 0.00257700832216, 0.0119115322828, 0.084753818074, 0.463544335625, 0.00661745272915, 0.0128367151737
0.00250414788961, 0.282911862423, 0.012197352862, 0.00384231831963, 0.245774232307, 0.0051772048062, 0.00523436190208, 0.005821745985, 0.0321943309014, 0.36910285269, 0.00402422891384, 0.0312153610003
0.000821526443895, 0.362506500473, 0.0014606805592, 0.00226958946675, 0.1089404614, 0.00133253610679, 0.00157674286155, 0.00436508293741, 0.0366556770202, 0.467856289319, 0.00309574335666, 0.0091191700555
0.00507147052171, 0.125259029243, 0.0281971660052, 0.00769917666906, 0.339634038, 0.0182056607765, 0.00609089201973, 0.0304103962298, 0.0971717607855, 0.169317022213, 0.014837868124, 0.158105519412
0.0080560918959, 0.245625409279, 0.00691943462214, 0.0126329198265, 0.148506259555, 0.00745581816506, 0.011728582219, 0.0191421611755, 0.0724633699755, 0.420844214172, 0.00892829229082, 0.0376974468239
0.00268716798689, 0.237883959737, 0.00613492753847, 0.00477170262389, 0.152987207051, 0.00489345701386, 0.00757915985857, 0.00673851637084, 0.0936239264504, 0.454659806599, 0.00509047855425, 0.0229496902154
0.00210731430037, 0.177796305733, 0.00234446306793, 0.00397112902546, 0.0894734909819, 0.00238976008127, 0.00213839539611, 0.00968917331396, 0.0574741080283, 0.591661101373, 0.00658473038316, 0.0543700283153
0.00710623657357, 0.307594614883, 0.00963463356242, 0.00639101287141, 0.129222349569, 0.0140832694249, 0.0100938914462, 0.0216327251239, 0.0376497034086, 0.429198118606, 0.0102696960226, 0.017123748508
0.0016476665009, 0.3876915369, 0.0137660590306, 0.00324806756687, 0.140872752479, 0.00493620743576, 0.00541317179535, 0.0102470465861, 0.0678435906784, 0.317667597938, 0.00652290320503, 0.0401433998841
0.00119858096693, 0.381728003959, 0.00533849240832, 0.00325772761497, 0.110717717697, 0.0105831166698, 0.0026641294808, 0.0118951621894, 0.186625613423, 0.229702259522, 0.00664278554733, 0.0496464105222
0.00131751694121, 0.736848340971, 0.00275927336426, 0.0015149572627, 0.0641101276405, 0.00193796032462, 0.00271638605988, 0.00339787376185, 0.0244783202589, 0.151519445006, 0.00504800951529, 0.0043517888947
0.00230856788741, 0.366251140377, 0.00400450060393, 0.00352721697778, 0.0682335432288, 0.00394746917502, 0.00577270394279, 0.00647381700985, 0.0342433993568, 0.47470269662, 0.00439605668499, 0.0261388881352
0.00674895603296, 0.156344872947, 0.0150329299074, 0.00293684960503, 0.0847880846544, 0.0068360928986, 0.00459321516417, 0.00958723240174, 0.111223585608, 0.527280399439, 0.0357913487725, 0.0388364325698
0.00242295202672, 0.649976614422, 0.0017878108533, 0.00497144168078, 0.0701873613451, 0.0104119322847, 0.00603001819521, 0.00757850618992, 0.0507380550401, 0.15277886584, 0.00555725318953, 0.0375591889319
0.00372867821173, 0.194483558075, 0.0138329498849, 0.00182550004681, 0.240964386837, 0.0049253684962, 0.0130715738588, 0.00900880159676, 0.0894254845045, 0.377737062208, 0.0101659853335, 0.040830650946
0.0037459916133, 0.21592297773, 0.0168364993179, 0.00549062822631, 0.278286536907, 0.00775519204921, 0.0165092282864, 0.00797730806993, 0.0616629276086, 0.338606611537, 0.0214714341572, 0.0257346644979
0.00287433702155, 0.310155102389, 0.00509631170888, 0.00425615509396, 0.105365300106, 0.00513964458966, 0.00688061298797, 0.00922544302572, 0.0438004491491, 0.479529734362, 0.00896311595188, 0.0187137936148
0.00252287843613, 0.219611023584, 0.0196210360294, 0.0061238356595, 0.114882678088, 0.00617529627641, 0.00502091023528, 0.00786640718119, 0.0332377911928, 0.566909335001, 0.00800490077736, 0.0100239075394
0.00988010762271, 0.211442391063, 0.00479529021047, 0.00783109537692, 0.0974040307775, 0.00951084782774, 0.0111471441211, 0.0232493295831, 0.0537736565825, 0.529368547728, 0.0132770017848, 0.0283205573215
0.00439151170928, 0.186221093922, 0.00884791030306, 0.00470736256107, 0.171628042109, 0.00941333563046, 0.0154456190129, 0.0182565084009, 0.0972612575418, 0.372251856518, 0.00695643975358, 0.104619062538
0.00686679132542, 0.188153844104, 0.02145868802, 0.00263991902392, 0.165320013301, 0.00399568322167, 0.00580563995149, 0.00731087625523, 0.0445091464796, 0.52657852451, 0.00554078359822, 0.0218200902092
0.000926245303782, 0.542092023854, 0.00231661546939, 0.000920993875181, 0.0890070386755, 0.00228677681784, 0.00177621239788, 0.00397573841673, 0.0702936144504, 0.260679983189, 0.00407260730488, 0.0216521502449
0.00162166332191, 0.647859223428, 0.00414503887188, 0.0061000166305, 0.0981998181082, 0.00580639720793, 0.0046452075277, 0.0134686943258, 0.0156969301957, 0.191285690969, 0.00388787584403, 0.00728344356934
0.0010673780183, 0.24986511724, 0.00585985104065, 0.00335046678189, 0.316525557082, 0.00501796235219, 0.00541512182198, 0.00421636531826, 0.130391184055, 0.00363181742501, 0.00340251743456, 0.27125666143
0.0016686872859, 0.376718154512, 0.0028650470011, 0.00358430318494, 0.235171193044, 0.00735279392555, 0.00601608887327, 0.00215016827733, 0.0182559016601, 0.316495280583, 0.00409791608202, 0.0256244655709
0.00146348245232, 0.318436469326, 0.0156380681901, 0.00258484118452, 0.222068417948, 0.00684605877281, 0.00291742307777, 0.00685645115788, 0.0337897395899, 0.325527061663, 0.00298294474611, 0.0608890418915
0.0018606689672, 0.448892173082, 0.0119832255055, 0.0031319179172, 0.148201925505, 0.0068467907432, 0.00922600399272, 0.00585432970821, 0.00997225421843, 0.332961417454, 0.00348556466682, 0.0175837282398
0.00277663056674, 0.457147956794, 0.017426445228, 0.00351514893569, 0.131914302181, 0.01024882003, 0.00995270354352, 0.00512357140565, 0.031713881295, 0.26319303453, 0.00500809881047, 0.06197940668
0.00824825541828, 0.315739674025, 0.0164160320499, 0.0204371057565, 0.212571153093, 0.0247842177135, 0.0241372142115, 0.0229319926076, 0.0385000549861, 0.239090565372, 0.0149063968904, 0.0622373378768
0.00275672937995, 0.299245617943, 0.00892329174112, 0.00313793020905, 0.339802026487, 0.00908841520153, 0.00892735017469, 0.00443784022436, 0.00862989932441, 0.233200157511, 0.00267191591361, 0.0791788258901
0.00207224437873, 0.563473519927, 0.00411154366807, 0.00252323400371, 0.126718632963, 0.0108566666926, 0.00322490315615, 0.00280264530217, 0.0107599133422, 0.25574687476, 0.00238322827387, 0.0153265935324
0.00300714464522, 0.495026465391, 0.0108167482498, 0.00817475642391, 0.156032685177, 0.0095453413497, 0.0118609888026, 0.0108512232742, 0.0146852485097, 0.252590404657, 0.00410853509164, 0.0233004584287
0.00165361358377, 0.384736789023, 0.00751389140993, 0.00309116799672, 0.184406242607, 0.00703702590763, 0.016331719329, 0.0043554559845, 0.0176286232314, 0.350979176586, 0.00610321876193, 0.0161630755792
0.00909789910885, 0.344475796105, 0.0117035067237, 0.00694434272159, 0.22885994601, 0.0136054754744, 0.0135666338127, 0.00890403410498, 0.0189562636018, 0.288534997772, 0.00567857020315, 0.049672534362
0.00203147135499, 0.478911036165, 0.00268154764658, 0.0023886882724, 0.218211990855, 0.0127592776522, 0.00959664139793, 0.00312429917702, 0.00781761384271, 0.231384816364, 0.00301349556809, 0.0280791217048
0.00109447347098, 0.476200932614, 0.0029778731121, 0.00326838532846, 0.125732507213, 0.00467008409111, 0.00326931461601, 0.00440412846703, 0.00428283857957, 0.363492480227, 0.00391935106132, 0.00668763121941
0.00168529570963, 0.459588691334, 0.00584124660702, 0.00530171246276, 0.0932013545703, 0.00682011166018, 0.00780896070072, 0.00591118823678, 0.0085073010515, 0.381673196118, 0.00560054730507, 0.0180603942438
0.000754776332703, 0.165617705311, 0.00372160246192, 0.00501809343744, 0.197473020461, 0.0114935379788, 0.00505471223663, 0.00820864347333, 0.00922861727143, 0.559955915275, 0.00474662601474, 0.028726749746
0.0064009801067, 0.458550766313, 0.0056080170464, 0.00270322549981, 0.148797825436, 0.0159223585724, 0.0120853921027, 0.00763273906336, 0.0209236357092, 0.288249000326, 0.00572507636979, 0.0274009834547
0.00209039547586, 0.392775352862, 0.00378080996045, 0.00360291538723, 0.173751380151, 0.00863468331588, 0.00503709079176, 0.00423712760665, 0.0410121276392, 0.336887257539, 0.00315065302555, 0.0250402062455
0.0052888611358, 0.625711313585, 0.00352249236359, 0.00449693068285, 0.0589402690339, 0.0085072920032, 0.00211568102179, 0.00452091623407, 0.0259861991164, 0.226648111907, 0.00868585545633, 0.0255760774601
0.00239756739618, 0.463465323331, 0.0030301534513, 0.00268366256507, 0.17838160998, 0.00927044583482, 0.00600113202707, 0.00312834459072, 0.02327807044, 0.285639073235, 0.00364908564907, 0.0190755315002
0.00898798199997, 0.323060408561, 0.0173296221146, 0.00926833676301, 0.121490074792, 0.012676509546, 0.0272587950811, 0.018029643721, 0.0312158593108, 0.367551111046, 0.00855185951732, 0.0545797975482
0.00820637482583, 0.319620473119, 0.0166450896611, 0.0127259793462, 0.158708857978, 0.0223887143371, 0.011459785116, 0.0101770826051, 0.0283745376457, 0.355145543862, 0.00892536985142, 0.0476221916521
0.00303895113153, 0.489979756989, 0.00547901496692, 0.00611630347619, 0.106868584597, 0.00867746925558, 0.00978445595292, 0.00722257416305, 0.0171067517824, 0.297352221231, 0.00673802022881, 0.0416358962259
0.00382816779192, 0.397091174964, 0.0114790574068, 0.0100402936849, 0.13421508328, 0.0194533551569, 0.0242763565778, 0.00847763403634, 0.0212426782368, 0.33355923833, 0.00903031513544, 0.0273066454001
0.000833308523407, 0.408837619146, 0.00238678880142, 0.00192240178125, 0.151881187009, 0.00705002620934, 0.00859013661858, 0.00354515223104, 0.00513527584219, 0.397213784931, 0.00316159619894, 0.00944272270746
0.00132158744167, 0.253845556963, 0.0035706966552, 0.0022444876748, 0.177689435682, 0.00377085047069, 0.011994881595, 0.00383522076279, 0.0124141702587, 0.50318885552, 0.00337743625052, 0.0227468207257
0.00715905214635, 0.340639614325, 0.00528236360293, 0.000849352285256, 0.213583015562, 0.0198235617781, 0.00645807437808, 0.00993843145409, 0.0112445356161, 0.359243043403, 0.00606317644717, 0.0197157790027
0.00401182066671, 0.208485413737, 0.0058756888656, 0.00994654025087, 0.414665387795, 0.0130599565483, 0.010726706208, 0.00439526948103, 0.0443192501068, 0.249284818248, 0.0037946968344, 0.0314344512586
0.00355464943477, 0.238300216181, 0.00793238083797, 0.00432900872516, 0.24509626105, 0.0179872468208, 0.01846136558, 0.00468739284158, 0.0851287986551, 0.293751852911, 0.00828487897406, 0.0724859479889
0.00437195528567, 0.310003088619, 0.00508444491617, 0.00671768116892, 0.266611295368, 0.00935338984205, 0.0066774309182, 0.002755107669, 0.0108590466744, 0.344219754265, 0.00541823048654, 0.0279285747868
0.00565463248345, 0.138058363125, 0.00701364481282, 0.00432627079994, 0.332816006177, 0.0312822694807, 0.0112408640074, 0.00348056312824, 0.0305289322242, 0.355286959021, 0.00447749713676, 0.0758339976032
0.00804656982638, 0.282040904183, 0.005474544021, 0.0104055387107, 0.193127640881, 0.0168767010591, 0.00965839528225, 0.00747959125522, 0.0855822688641, 0.342798538603, 0.00475646875349, 0.0337528385607
0.0102624345247, 0.236250914877, 0.0146969084612, 0.0210866320282, 0.24426383094, 0.0321779574124, 0.0168244827532, 0.0112400140251, 0.0423244185129, 0.29895850967, 0.0107420629923, 0.0611718338035
0.00740103693213, 0.280421412575, 0.0180337962265, 0.00910000601313, 0.240493400918, 0.0333139824439, 0.0165616179736, 0.0152989146573, 0.117496751713, 0.164123658919, 0.00542592175505, 0.092329499873
0.00593091164285, 0.233126990168, 0.00303937071633, 0.0163289123888, 0.182016660133, 0.0171577572178, 0.00307200579494, 0.00946483932024, 0.0355039364382, 0.458293845968, 0.00470520672452, 0.0313595634877
0.00264722906594, 0.175810298111, 0.00519145513033, 0.0058292639636, 0.287420724324, 0.028215157891, 0.0117686715098, 0.00433977752667, 0.0439552139468, 0.379146723088, 0.00541919085758, 0.0502562945858
0.0283621427215, 0.246376466675, 0.0249214206431, 0.0129790058647, 0.209629213624, 0.0451842811012, 0.028608283337, 0.0108117283366, 0.059458248113, 0.284534304169, 0.0148249630506, 0.0343099423639
0.00590763676616, 0.316198228038, 0.00907069090497, 0.0132746834575, 0.159466093776, 0.0117168284987, 0.0156127610078, 0.0110770262801, 0.0196423028473, 0.389127075932, 0.013617480583, 0.0352891919095
0.00207084543776, 0.157013558367, 0.00340421400957, 0.00437693976021, 0.325561304385, 0.0158789248126, 0.0181152131454, 0.00739396461506, 0.0449511047685, 0.361401492274, 0.00295989826869, 0.0568725401562
0.00257106016031, 0.331190223125, 0.00537738824341, 0.00803118862233, 0.157446244579, 0.0220221252241, 0.00985842030989, 0.0048075491019, 0.0559569873099, 0.359435368217, 0.00685764992129, 0.0364457951869
0.00126395925744, 0.184581366854, 0.00265025709036, 0.00438985972583, 0.302898495729, 0.0159960569425, 0.0111624038093, 0.00362157910474, 0.0609704925004, 0.369920408666, 0.00326307250641, 0.0392820478138
0.0020064794007, 0.328140529626, 0.0662276221483, 0.00395881435951, 0.243099910072, 0.0216245961718, 0.00750061671444, 0.00661450328489, 0.0160117168272, 0.286505196387, 0.00530754178557, 0.0130024732228
0.00542513313226, 0.446337328752, 0.0337187663927, 0.00945530909819, 0.316970211749, 0.0451885803902, 0.0120775755061, 0.00526754311235, 0.0356939185342, 0.0563901390376, 0.00369643349491, 0.0297790608004
0.011742603148, 0.217858523409, 0.0262910618608, 0.00568718250178, 0.384198530851, 0.0323831722495, 0.0178397272444, 0.00938906407877, 0.0712621905487, 0.141376210319, 0.0212332969348, 0.0607384368544
0.00486807004964, 0.186759582915, 0.0226833379502, 0.0249842125917, 0.453525804334, 0.032053757355, 0.00987618587254, 0.0109908135183, 0.0508529218199, 0.139067055351, 0.00950514465588, 0.0548331135871
0.00607785304345, 0.207859959369, 0.00801832065373, 0.00705505928606, 0.260083499997, 0.0390841669503, 0.0136666240814, 0.0042960558344, 0.0829962182273, 0.333857401511, 0.00697475843604, 0.0300300826113
0.00363846444221, 0.226639232873, 0.0118466640052, 0.0128891473259, 0.157283413419, 0.0552669250701, 0.0372134771413, 0.0154892432816, 0.0373845855701, 0.416835711878, 0.00610801424217, 0.0194051207513
