0.224783542168, 0.00926622818822, 0.225638957205, 0.0335659438544, 0.00485371824007, 0.00185858477619, 0.224849764666, 0.00926621584691, 0.225638957205, 0.0335659438544, 0.00485355907903, 0.00185858491592
0.251580611174, 0.00907140148516, 0.185226539652, 0.0506978787888, 0.00264235202632, 0.000781505051664, 0.251580611103, 0.00907138846823, 0.185226539652, 0.0506973155213, 0.00264235202632, 0.000781505051664
0.188725709858, 0.0121716385497, 0.222732309949, 0.0656922358531, 0.0087437221758, 0.00193700791348, 0.188719711245, 0.0121719236886, 0.222732330155, 0.0656922661953, 0.00874374029199, 0.00193740412505
0.189588174678, 0.0123134579004, 0.221125071447, 0.0659823835789, 0.00905711443856, 0.0019311209921, 0.189593668043, 0.0123135108016, 0.221125099723, 0.065982381245, 0.00905710816976, 0.00193090898348
0.260764320841, 0.00800420286875, 0.186648007273, 0.0381608505012, 0.00492299614622, 0.00149959796009, 0.260764388325, 0.00800419356324, 0.186648003976, 0.0381608505012, 0.00492298809649, 0.00149959994743
0.187187584955, 0.010260649292, 0.197486565632, 0.100584523932, 0.00378173869893, 0.000698776436485, 0.187187568395, 0.0102606562193, 0.197487189084, 0.100584232219, 0.00378173869893, 0.000698776436485
0.120993862588, 0.00853493343211, 0.301912704474, 0.0517279461245, 0.0147947927447, 0.00203601311165, 0.120993276405, 0.00853494723343, 0.301912704474, 0.0517280024982, 0.0147947927447, 0.00203602416965
0.255798371498, 0.0124735682863, 0.0778192550983, 0.118527530308, 0.0306205729352, 0.00228829827845, 0.255798163522, 0.0124736229115, 0.0778192550983, 0.123472495508, 0.0306205682777, 0.00228829827845
0.157667643559, 0.00491972834597, 0.251453576838, 0.0711765283419, 0.0136956805792, 0.00108685835752, 0.157667605225, 0.0049197240402, 0.251453592656, 0.0711765379545, 0.0136956636744, 0.00108686042842
0.227681557402, 0.0220545458762, 0.19976088366, 0.0387228078954, 0.00897186981847, 0.00280836720484, 0.227681583317, 0.0220545228894, 0.199760873376, 0.0387228078954, 0.0089718139096, 0.00280836675526
0.153864138139, 0.0150596554192, 0.247186774704, 0.0770253223298, 0.00564208286724, 0.00122249755211, 0.153864135274, 0.0150596454268, 0.247186774704, 0.0770243931652, 0.00564208286724, 0.00122249755211
0.248163751875, 0.00970063462708, 0.183116972644, 0.052314935502, 0.00584257491621, 0.00086113950446, 0.248163761998, 0.00970061133562, 0.183116968667, 0.052314935502, 0.00584257124157, 0.000861142187402
0.0898467591388, 0.0277869937702, 0.310827122151, 0.0620298984636, 0.00749631419967, 0.000884444173226, 0.0898466555724, 0.0277870045085, 0.310827122151, 0.0642869294569, 0.00749631224117, 0.000884444173226
0.22956186138, 0.0108269423557, 0.213047533502, 0.0414291913537, 0.0040495449751, 0.00108490613973, 0.22956188019, 0.0108269641344, 0.213047533502, 0.0414291913537, 0.0040495449751, 0.00108490613973
0.252776635411, 0.0215826762224, 0.174999760155, 0.0358138438964, 0.0128044338739, 0.00204797177963, 0.252726024141, 0.0215826433246, 0.174999760155, 0.0358138482894, 0.0128044333796, 0.0020479693713
0.217083269996, 0.0101633168963, 0.239482573081, 0.0294480266587, 0.00292517490861, 0.000897624803491, 0.217083273085, 0.0101633374079, 0.239482573081, 0.0294480498425, 0.00292515543649, 0.000897624803491
0.291161468517, 0.0145372163341, 0.16003009031, 0.0276416131592, 0.00296324339377, 0.00366607253491, 0.291162038887, 0.0145373352499, 0.16003009031, 0.0276415671203, 0.00296319164949, 0.00366607253491
0.361372359606, 0.0131915276109, 0.0449212729953, 0.0664096004299, 0.00978469474435, 0.00432155609804, 0.361372421505, 0.0131907227209, 0.0449212729953, 0.0664096004299, 0.00978469474435, 0.00432027611933
0.232095974189, 0.00481576184706, 0.187128455438, 0.065741447927, 0.00663225580133, 0.000767575092449, 0.232095944748, 0.00481577395205, 0.187128455438, 0.0713785249064, 0.00663225556897, 0.000767575092449
0.283972931617, 0.0227973612274, 0.112863795759, 0.016976858861, 0.00336949674027, 0.0600195415975, 0.28397292966, 0.0227973855442, 0.112863806778, 0.016976858861, 0.00336949175795, 0.0600195415975
0.387319123616, 0.00963773969082, 0.069279518425, 0.0258746281145, 0.0050837278723, 0.00280512492877, 0.387319052573, 0.00963769118995, 0.0692797038941, 0.0258746362461, 0.00508369384664, 0.00280535960313
0.382099312509, 0.0122963673465, 0.036801116667, 0.0551922384879, 0.0111034247073, 0.00269579353893, 0.381723177037, 0.0122961495386, 0.036801116667, 0.0551921313736, 0.0111034016471, 0.00269577047985
0.231660400494, 0.0115028770237, 0.189109340606, 0.0551812826639, 0.0115207823332, 0.0010253145158, 0.231660410233, 0.0115028720121, 0.189109340606, 0.0551812826639, 0.0115207823332, 0.0010253145158
0.0855345349086, 0.0122343773531, 0.229252142497, 0.16407159634, 0.00781432158562, 0.00109302438579, 0.0855345408573, 0.0122343753612, 0.2292521422, 0.16407159634, 0.00781432246482, 0.00109302570575
0.119503343432, 0.00262697740248, 0.339805187411, 0.0275639021783, 0.0092805628856, 0.00122001308805, 0.119503937478, 0.00262649429558, 0.339805187411, 0.0275639021783, 0.0092805628856, 0.00121992935452
0.281851483532, 0.00469181660304, 0.184095394248, 0.0091659483703, 0.0183922551922, 0.0018031870128, 0.281851467786, 0.00469178710972, 0.184095394248, 0.00916594820072, 0.0183922534866, 0.00180306421165
0.302591294331, 0.00464958402507, 0.161633910713, 0.00990368443069, 0.0152686780931, 0.00595269605617, 0.302591302408, 0.00464963177742, 0.161633910713, 0.00990368465572, 0.0152689267404, 0.00595269605617
0.27465979085, 0.00228823272518, 0.1906824875, 0.0096239991905, 0.0212693082043, 0.00147614121246, 0.274659834695, 0.00228826781212, 0.1906824875, 0.00962400205842, 0.021269306447, 0.00147614180453
0.2172316205, 0.0103032033072, 0.195516721627, 0.00901766277852, 0.0438545436286, 0.0240762577521, 0.21723163908, 0.0103032462983, 0.195516721627, 0.00901766089502, 0.0438545585174, 0.0240761639893
0.323783119157, 0.00525181250081, 0.135068975983, 0.00905706636174, 0.0248303664259, 0.00200863472393, 0.323783146022, 0.00525181367845, 0.135068901317, 0.00905706702546, 0.024830475632, 0.00200862117174
0.373971931149, 0.00369814810856, 0.063154198911, 0.00918135540539, 0.0481097584933, 0.00188410195968, 0.373972952552, 0.00369813175355, 0.063154198911, 0.00918135540539, 0.0481097591516, 0.00188410820012
0.149531735525, 0.0131337049961, 0.301679332035, 0.0139538245212, 0.0196609786685, 0.00204167618686, 0.149531869589, 0.0131332846724, 0.301679339775, 0.013951720055, 0.0196608722045, 0.00204166177112
0.247755048329, 0.00908147162541, 0.191241407851, 0.0131329834818, 0.0253119915914, 0.0134812974668, 0.24775506348, 0.00908159982689, 0.191241407851, 0.0131329915684, 0.025303429381, 0.0134813075464
0.168664106267, 0.0101066849136, 0.26281672565, 0.0118633890292, 0.0405611236223, 0.00598817925372, 0.168664101085, 0.0101066335914, 0.262816571561, 0.0118628736438, 0.0405612900941, 0.00598832128931
0.364303296495, 0.00657038804164, 0.0749790154274, 0.0207744077154, 0.0276761487933, 0.00569632526346, 0.364304126706, 0.00657033711751, 0.0749790154274, 0.0207744077154, 0.0276761397026, 0.00569639159486
0.266764566845, 0.011475461295, 0.180883450923, 0.00738031656552, 0.0244753765163, 0.008991091661, 0.266764562406, 0.0114753760324, 0.180883450923, 0.00738041233732, 0.0245349785197, 0.00899095597509
0.284808339602, 0.00770238545425, 0.18064921826, 0.00519609159913, 0.0175595735404, 0.00408064050954, 0.284815820659, 0.00770238134783, 0.18064921826, 0.00519609159913, 0.0175595738614, 0.00408066530681
0.332704661475, 0.00133623147011, 0.133716346526, 0.0154356845925, 0.0152733912346, 0.00153376402735, 0.332704668929, 0.00133623650868, 0.133716346526, 0.0154356849924, 0.015273209333, 0.00153377438431
0.367380316533, 0.00508937014798, 0.102804878293, 0.00656915915234, 0.0146195866208, 0.00353670089113, 0.367380336159, 0.00508933375291, 0.102804878293, 0.00656915699821, 0.014619587719, 0.00353669543883
0.436767197822, 0.0141789544827, 0.0166357761369, 0.00260978803894, 0.0196649916572, 0.0101433580543, 0.43676708197, 0.0141789379512, 0.0166357761369, 0.00260978803894, 0.0196649916572, 0.0101433580543
0.241120837469, 0.050690482338, 0.147842021647, 0.0119121823506, 0.0304373424639, 0.0179976152026, 0.24112081114, 0.0506905787923, 0.147842021647, 0.0119121870742, 0.0304373212214, 0.0179965986538
0.40874194037, 0.0207595763037, 0.0375129966232, 0.0056636582746, 0.00707395692592, 0.0202481677141, 0.408741881674, 0.0207595280178, 0.0375129966232, 0.00566365703946, 0.00707385292124, 0.020247787513
0.0978514217314, 0.0265412824628, 0.336851650669, 0.00953604471311, 0.0227429303846, 0.00647832533948, 0.0978519348526, 0.0265374646577, 0.336851704217, 0.00953602225318, 0.0227429259506, 0.00647829276872
0.307723597113, 0.0157089533725, 0.13368085654, 0.00593472879894, 0.0281167332844, 0.0088348849974, 0.30772391689, 0.0157090057209, 0.133680854309, 0.00593472936155, 0.028116902901, 0.00883483671058
0.21795128204, 0.00329341575229, 0.213713177526, 0.012872500792, 0.0497649660982, 0.00240466406126, 0.217951282269, 0.00329340298327, 0.213713177526, 0.012872500792, 0.0497649660982, 0.00240466406126
0.223434785361, 0.00667089842448, 0.128919894643, 0.0708620835106, 0.0650119802902, 0.0050969531135, 0.223441680002, 0.00667091710255, 0.128919894643, 0.0708619358223, 0.065012021769, 0.00509695531889
0.375604918588, 0.00499802053272, 0.0531216662322, 0.0223098792055, 0.0410894638163, 0.00287615640462, 0.375604919029, 0.00499777235467, 0.0531216662322, 0.0223099097613, 0.0410894714386, 0.00287615640462
0.253170063053, 0.00421972282619, 0.179194163821, 0.0262611165437, 0.0356547818085, 0.00150015195829, 0.253170067308, 0.00421971979295, 0.179194163821, 0.0262611108111, 0.0356547814334, 0.00150015682384
0.296228510222, 0.0209515114153, 0.14552380589, 0.0126019826534, 0.020842522427, 0.00385162495391, 0.296228495187, 0.0209516097212, 0.14552380589, 0.0126019826534, 0.0208425116488, 0.00385163733709
0.467713998191, 0.0103252262509, 0.00639341637079, 0.00139356025292, 0.00968917808814, 0.00448467743244, 0.467713992709, 0.0103251994305, 0.00639341637079, 0.001393503131, 0.00968917808814, 0.00448465368513
0.259594889282, 0.00335842062683, 0.223083100359, 0.00859511210925, 0.00433564633787, 0.0010325727531, 0.259594914579, 0.0033584121474, 0.223083120502, 0.00859511210925, 0.00433612174648, 0.00103257744704
0.296952601615, 0.0050781765992, 0.17410098265, 0.0182766790506, 0.00346339422147, 0.00212495952277, 0.296952684946, 0.00507816379925, 0.17410098265, 0.0182830020034, 0.00346340218786, 0.00212497075407
0.220888769585, 0.00985884566003, 0.237299429102, 0.0126804753571, 0.0158686015529, 0.00340383222021, 0.220888910531, 0.00985890871186, 0.237299429102, 0.0126803680802, 0.0158685973551, 0.00340383274309
0.235071098996, 0.00421605812703, 0.243705707425, 0.0116459204121, 0.00337567305714, 0.00198552797193, 0.235071096831, 0.00421606089249, 0.243705708828, 0.0116459440332, 0.00337567214428, 0.00198553128131
0.24434804638, 0.00587392946554, 0.230981967866, 0.0119385081015, 0.00567849663908, 0.0011783115018, 0.244349550178, 0.00587389550317, 0.230981967866, 0.0119385253898, 0.00567849663908, 0.00117830446898
0.229414752178, 0.0150662476877, 0.22437735591, 0.0146840941973, 0.0110438997949, 0.00541359119377, 0.229414831996, 0.0150662176893, 0.22437735591, 0.0146841439155, 0.0110439028851, 0.00541360664187
0.207303117662, 0.0118039778134, 0.255707347063, 0.0180059115501, 0.00299277651837, 0.0041876659875, 0.20730247953, 0.0118040334789, 0.255706305509, 0.018005943999, 0.00299277651837, 0.00418766437021
0.213969219214, 0.00557641271883, 0.25901596722, 0.0129122775283, 0.00476480491927, 0.00376145990624, 0.213968965206, 0.00557647678476, 0.25901596722, 0.0129121771928, 0.00476476416408, 0.00376150792586
0.354383152434, 0.0062367440244, 0.113438750526, 0.0114532979094, 0.0126746306955, 0.00181340314645, 0.354383165262, 0.00623682261335, 0.113438750526, 0.0114532511847, 0.0126745967224, 0.0018134349545
0.238589348929, 0.00786321576393, 0.228857151842, 0.0163061194026, 0.00503943711428, 0.00334470290758, 0.238589337665, 0.00786320394902, 0.228857151842, 0.0163061819366, 0.00503944062282, 0.00334470802609
0.210144275719, 0.0143134867241, 0.229875639705, 0.0281601098433, 0.012553167047, 0.00494694305727, 0.210143984516, 0.0143133757892, 0.229875639705, 0.0281725419948, 0.0125532113416, 0.00494762455741
0.168316118444, 0.0113311595472, 0.27881678282, 0.0287399416751, 0.00894088840225, 0.00385536692215, 0.1683161308, 0.0113306509608, 0.278816797976, 0.0287399376911, 0.00894087891733, 0.003855345845
0.426232305896, 0.00897591710465, 0.047512401117, 0.00739364623917, 0.00303510895867, 0.00685026961764, 0.426232824801, 0.00897596390171, 0.0475125370352, 0.00739364675304, 0.00303510895867, 0.00685026961764
0.395240784579, 0.00718127712263, 0.0759506180908, 0.0132716698906, 0.00486145448746, 0.00349378004829, 0.395240689441, 0.00718140805889, 0.0759507050054, 0.0132722490084, 0.00486144979824, 0.00349391446909
0.238137784159, 0.00419220493935, 0.230367863497, 0.019179670741, 0.00569621706494, 0.00242633308128, 0.238137651702, 0.00419224313651, 0.230367863497, 0.0191796408918, 0.00569618375681, 0.00242634353217
0.214415312019, 0.00731043247868, 0.20465209742, 0.033534077137, 0.0361648947727, 0.00392453614291, 0.214415193863, 0.00731038848015, 0.20465209742, 0.0335340786994, 0.0361648910482, 0.00392200051881
0.22126027498, 0.00475518059433, 0.244067063785, 0.0220097613782, 0.00632743472327, 0.00158028620912, 0.221260291424, 0.00475502935913, 0.244067196373, 0.0220097553742, 0.00632742955491, 0.00158029624498
0.326516064826, 0.0104811624451, 0.140310689499, 0.0134397562312, 0.00412992151532, 0.00512202524031, 0.326515903786, 0.0104808697229, 0.140310761496, 0.0134397562312, 0.00413106250857, 0.00512202649894
0.106665456308, 0.00883664582901, 0.366758773443, 0.0048634645085, 0.012271057446, 0.000604587221625, 0.106665633524, 0.00883649615066, 0.366758773443, 0.0048634645085, 0.0122710610163, 0.000604586602388
0.370007384908, 0.00173147762209, 0.119727849038, 0.000799218648636, 0.00461708971478, 0.0031169010201, 0.37000750939, 0.00173145861617, 0.119727812567, 0.000799218648636, 0.00461709779486, 0.00311698203141
0.382156230109, 0.00659197308745, 0.0983081968418, 0.00458767600922, 0.00187223815177, 0.00648360764794, 0.382156322184, 0.00659201978351, 0.0983081968418, 0.00458767073669, 0.00187222872864, 0.00648363987816
0.205014101878, 0.00858676659156, 0.240638644208, 0.0350380388647, 0.00901274312081, 0.00171104890992, 0.205014694751, 0.00858363975259, 0.240638644208, 0.0350379675596, 0.00901263615382, 0.00171107400174
0.304298419335, 0.00368854264867, 0.125070959328, 0.055650933673, 0.00921418161631, 0.00207703399149, 0.304298989747, 0.00368845418929, 0.125070959328, 0.0556501479088, 0.00921414981885, 0.00207722841456
0.185005211704, 0.0109309016592, 0.253705175095, 0.0363868395451, 0.00960780473348, 0.00436466184242, 0.185004985998, 0.0109308832324, 0.253705175095, 0.0363869041412, 0.00960779517504, 0.00436366177953
0.289907283654, 0.0033702839987, 0.187508828257, 0.0126780140845, 0.00388878322684, 0.00263115839636, 0.28990740345, 0.00337019417267, 0.187508838355, 0.0126780059387, 0.00392004665892, 0.00263115980643
0.223721827738, 0.00940489801267, 0.249949468719, 0.00985139552826, 0.00586520747192, 0.00118899208583, 0.223758252339, 0.00940491694666, 0.249949445382, 0.00985139552826, 0.00586520859848, 0.00118899164976
0.251645843882, 0.0155853865448, 0.205088159073, 0.0136098452111, 0.0103143851294, 0.00375639243188, 0.25164583631, 0.0155853695722, 0.205088159073, 0.0136098452111, 0.0103143851294, 0.00375639243188
0.178894658429, 0.00162007342658, 0.301908115095, 0.00814365229982, 0.0075326438634, 0.00190080184961, 0.1788947558, 0.00162009740318, 0.301908092801, 0.00814363818875, 0.00753265366653, 0.00190081717718
0.279827052525, 0.00803017550311, 0.194533472179, 0.0130046129525, 0.00331038754664, 0.00129430593234, 0.279827052893, 0.00803018886631, 0.194533472179, 0.0130045859443, 0.00331038754664, 0.00129430593234
0.148316671443, 0.00695785077891, 0.326300204673, 0.00836469394247, 0.00804064055248, 0.00201991151333, 0.148316724299, 0.00695782577733, 0.326300204673, 0.00836466948235, 0.00804064055248, 0.00201996231381
0.229752460147, 0.0162237723016, 0.225118849923, 0.0061014782625, 0.0207707591733, 0.00203241618446, 0.229752974277, 0.0162238020866, 0.225118849923, 0.0061014783381, 0.0207707591733, 0.00203240021107
0.381240042308, 0.00961835381092, 0.0797615248355, 0.0152188077679, 0.00874999877689, 0.00541077436857, 0.381239649563, 0.00961835381092, 0.0797614578874, 0.0152188841022, 0.00875159775802, 0.00541055501053
0.400958751746, 0.0139033289415, 0.0563032409848, 0.0131139005726, 0.0101072474625, 0.0056139629994, 0.400958920209, 0.0139029806904, 0.0563032409848, 0.0131139542487, 0.0101064688934, 0.0056140022672
0.109013201306, 0.019262918903, 0.304986241132, 0.0437513785022, 0.0145254861492, 0.00845993376612, 0.109013822818, 0.0192629774616, 0.304986189815, 0.0437512259164, 0.0145254891677, 0.0084611350626
0.19136184862, 0.00571629503312, 0.282971537672, 0.0115631009395, 0.00635464357867, 0.00203243703588, 0.191361832917, 0.00571626166827, 0.282971616184, 0.0115633155127, 0.00635466157596, 0.00203244926294
0.304156670558, 0.0163800310036, 0.149365680298, 0.0120959748894, 0.0159614587505, 0.00204013638454, 0.304156689147, 0.0163800239841, 0.149365750181, 0.0120959896693, 0.0159614587505, 0.00204013638454
0.21226078648, 0.00756947614019, 0.266256892784, 0.00542278490476, 0.00791262029119, 0.000577397690969, 0.212260765007, 0.0075694958421, 0.26625692125, 0.00542282510633, 0.00791262057661, 0.000577413927048
0.116453508598, 0.0225074893117, 0.336360533372, 0.0162064017309, 0.00705061402691, 0.00142132429242, 0.116453960788, 0.0225073837341, 0.336360533372, 0.0162064042307, 0.00705051704259, 0.00142132950197
0.13790605596, 0.011352112087, 0.332170971041, 0.00645273133304, 0.00940048958245, 0.00271769499817, 0.137905953602, 0.0113522891516, 0.332170971041, 0.00645253924123, 0.0094005512291, 0.00271764073517
0.225962609428, 0.0266375515148, 0.204652679922, 0.0188652861892, 0.0197202533979, 0.00416145300281, 0.225963196798, 0.0266375673424, 0.204652679922, 0.0188652877426, 0.0197199748976, 0.00416145984189
0.304499949226, 0.103756649456, 0.0254767983278, 0.0473041064552, 0.0118898403245, 0.00707386739267, 0.304499285591, 0.10375668663, 0.0254767983278, 0.0473023105521, 0.0118898403245, 0.00707386739267
0.27966455402, 0.0929346999516, 0.103148654128, 0.0118565429533, 0.0103990481724, 0.00199649018964, 0.279664569481, 0.0929346999516, 0.103148654128, 0.011856548663, 0.0103990481724, 0.00199649018964
0.0843504959737, 0.0476054304151, 0.324342929801, 0.0296763608361, 0.0122143468218, 0.00181049770366, 0.0843504588486, 0.0476053444373, 0.324342929801, 0.0296763608361, 0.0122143468218, 0.00181049770366
0.353101094629, 0.0234341708279, 0.101902090758, 0.0128680175901, 0.0041940311694, 0.00449975333379, 0.353102527631, 0.0234351393977, 0.101902090758, 0.012868119801, 0.0041940311694, 0.0044989329341
0.19880610715, 0.00180576108415, 0.275539203585, 0.0100049446319, 0.00899589552225, 0.00484806037253, 0.198806126308, 0.00180579614924, 0.275539203585, 0.0100049446319, 0.00899589552225, 0.00484806145711
0.231135953311, 0.049441752313, 0.170771149921, 0.011931006088, 0.0292128682421, 0.00745123732065, 0.231247876476, 0.049441772828, 0.170771132517, 0.011931006088, 0.0292130084699, 0.00745123642556
0.408014041539, 0.00474770815521, 0.0679555514649, 0.0103713603598, 0.00712360463549, 0.00178777965217, 0.408013956432, 0.00474770164883, 0.0679555514649, 0.0103713603598, 0.00712360463549, 0.00178777965217
0.372190139734, 0.00648299245284, 0.0739545032578, 0.022047892256, 0.0225335220088, 0.0027911172524, 0.372190010827, 0.00648302149942, 0.0739545032578, 0.0220476581929, 0.0225335220088, 0.0027911172524
0.124389986285, 0.00594631442816, 0.353696451121, 0.00807921688315, 0.00628989603492, 0.00159775933817, 0.124389920834, 0.00594631442816, 0.353696410657, 0.00807921999096, 0.0062909960311, 0.00159751396828
0.223595439666, 0.0142039418961, 0.181942631259, 0.0574129864146, 0.0205326706525, 0.0023123682404, 0.223595441933, 0.0142039455129, 0.18194263872, 0.0574128968131, 0.0205326706525, 0.0023123682404
0.189436236797, 0.0318479929605, 0.225300775023, 0.0473919174383, 0.00473079935334, 0.00129107205226, 0.189436245264, 0.031850637905, 0.225300775023, 0.0473919647879, 0.00473081306871, 0.0012907703273
0.222349946736, 0.0383283271776, 0.156584562311, 0.0739525088047, 0.00716492477844, 0.00161968812606, 0.222349945001, 0.0383283411037, 0.156584631476, 0.073952511581, 0.00716492477844, 0.00161968812606
0.0837804630192, 0.0351118761599, 0.252394108961, 0.0567780796373, 0.0702641631633, 0.00167197521712, 0.0837813038711, 0.0351118658174, 0.252394108961, 0.0567757428047, 0.0702641631633, 0.00167214922569
0.103415264459, 0.049658441834, 0.308159051134, 0.0086438285074, 0.0250004569054, 0.00512304021572, 0.103415235321, 0.0496609629243, 0.308159093856, 0.00864226959184, 0.0249999718246, 0.00512238342639
0.0746273281622, 0.053029079074, 0.307527923542, 0.0322298421939, 0.0259975773958, 0.00652940839886, 0.0747065947201, 0.0530292758023, 0.307527923542, 0.0322298625204, 0.0259971156598, 0.00656806898889
0.181920158505, 0.0456376434668, 0.218429650357, 0.0342926299718, 0.0183268988622, 0.0013937876271, 0.181920176802, 0.0456376434668, 0.218429650357, 0.0342926074489, 0.0183253655084, 0.0013937876271
0.149829037406, 0.157050550594, 0.144870275823, 0.0383147015243, 0.00247852504244, 0.00745692101889, 0.149829015129, 0.157050550806, 0.144870275823, 0.0383147015243, 0.00247852429, 0.00745692101889
0.133908807453, 0.126286436214, 0.173776253276, 0.0378279259097, 0.0227769961096, 0.00542614652598, 0.133908803912, 0.126286436532, 0.173776253276, 0.0378279259097, 0.0227718683564, 0.00542614652598
0.280666365468, 0.0338854798498, 0.0874848461352, 0.0738703317667, 0.0184598071336, 0.00563369137477, 0.280666596479, 0.0338854519086, 0.0874848461352, 0.0738691489932, 0.0184597433818, 0.00563369137477
0.172944113756, 0.0456039825201, 0.103095386671, 0.126399307598, 0.0383988585316, 0.0135592228368, 0.172942238301, 0.0456046671064, 0.103095431529, 0.126399307598, 0.0383982607146, 0.0135592228368
0.120145051643, 0.0380183820787, 0.226393755206, 0.0923247491757, 0.0199459044088, 0.00317155592048, 0.120144891525, 0.0380197773744, 0.226393755206, 0.0923247254921, 0.0199459038084, 0.00317154816095
0.0929965084518, 0.0180473133643, 0.293009670058, 0.0699716638316, 0.0202453659482, 0.00572835588987, 0.092996333205, 0.0180542952117, 0.293009670058, 0.0699716248362, 0.0202456621781, 0.00572353696731
0.09792847087, 0.0381511127664, 0.217786429082, 0.115447816453, 0.0194824228654, 0.0112042088308, 0.0979276701562, 0.0381498783333, 0.217786720745, 0.11544753516, 0.0194824228654, 0.0112053118729
0.270150815386, 0.197220829872, 0.0020687062073, 0.0147112423432, 0.00216880969723, 0.0136785754217, 0.270150832908, 0.197220826628, 0.00206870702001, 0.0147133098152, 0.00216880229061, 0.0136785424104
0.189216277089, 0.183710368732, 0.045847632081, 0.0435111692801, 0.0203750983787, 0.0173422468017, 0.189216293124, 0.183714507735, 0.045847632081, 0.0435045067721, 0.0203760178841, 0.0173382500414
0.19921353411, 0.0395406893464, 0.190748236393, 0.0558475325625, 0.011853006084, 0.00279700215018, 0.199213520152, 0.0395406894058, 0.190748236393, 0.0558475552137, 0.011853006084, 0.00279699210628
0.12385957315, 0.0202325930072, 0.182881187329, 0.153907795576, 0.017465909045, 0.00165556768643, 0.123859562349, 0.0202325937221, 0.182881174649, 0.153901104527, 0.017467371217, 0.00165556774288
0.286499786701, 0.201601762716, 0.00189921664657, 0.00564603813628, 0.0022513228045, 0.00184739567083, 0.287007506521, 0.201602998404, 0.00189921664657, 0.00564603727764, 0.0022513228045, 0.00184739567083
0.150615106605, 0.166334788787, 0.12878154829, 0.0449561135273, 0.00596669764486, 0.00334467048117, 0.150615108193, 0.166334785213, 0.12878154829, 0.0449561279749, 0.00596732454232, 0.00334618045095
0.12458860735, 0.010519784902, 0.216227953574, 0.129411801032, 0.0179837032011, 0.00125577874, 0.124613361871, 0.0105198520822, 0.216227953574, 0.129411723168, 0.0179837017662, 0.00125577874
0.155781646895, 0.00846094951729, 0.317442621742, 0.00816412910183, 0.00463483066489, 0.00551587144571, 0.155781538871, 0.00846096593202, 0.317442621742, 0.00816412910183, 0.00463483066489, 0.00551586432109
0.29805493378, 0.0344027029569, 0.108803606911, 0.0423019580386, 0.012239220908, 0.00419761058155, 0.298054907275, 0.0344027028821, 0.108803606911, 0.0423019580386, 0.0122391811345, 0.00419761058155
0.14675551642, 0.125793554103, 0.163053241671, 0.0568573611228, 0.00571736242937, 0.00182303422835, 0.146755373078, 0.12579354416, 0.163053241718, 0.0568573744132, 0.00571736242937, 0.00182303422835
0.133549406253, 0.0257104714668, 0.20676101375, 0.104105555576, 0.0228787233364, 0.00699410412241, 0.133549918769, 0.025710518743, 0.20676101375, 0.104105838962, 0.022878699553, 0.00699473571941
0.124012480393, 0.0762372946756, 0.262109204625, 0.0211642009807, 0.013576509966, 0.00290040718678, 0.124012282432, 0.0762372911777, 0.26210924658, 0.0211642009807, 0.0135764738154, 0.00290040718678
0.298012179441, 0.00757510184063, 0.156252204305, 0.0112104213512, 0.0206409988093, 0.00630907916209, 0.298012695253, 0.00757509937936, 0.156252204305, 0.0112100217309, 0.0206409342611, 0.00630906016156
0.242856453078, 0.0147970164394, 0.187098461689, 0.0202665486647, 0.0297427971646, 0.0052395620257, 0.242856433997, 0.0147972734609, 0.187098516082, 0.0202649002033, 0.0297426135525, 0.00523942364167
0.265005354019, 0.013979432227, 0.126647255812, 0.0323168272027, 0.0476766317734, 0.0143720157838, 0.265010112662, 0.0139794324051, 0.126647255812, 0.0323170674158, 0.0476766310364, 0.0143719838496
0.296470432359, 0.0108068108201, 0.148791984372, 0.0104401495854, 0.0266670365678, 0.00682428000351, 0.296469086875, 0.0108068318935, 0.148791984372, 0.01044008658, 0.0266670365678, 0.00682428000351
0.195455713876, 0.0255110021626, 0.218140868062, 0.0182297397872, 0.0340789316166, 0.00858278151959, 0.195455708098, 0.0255110026311, 0.218140891953, 0.0182297214541, 0.0340808573203, 0.00858278151959
0.155613958946, 0.014870236498, 0.252580970326, 0.0207230977539, 0.0500924310307, 0.00619445700154, 0.155463925301, 0.0148704879, 0.252580970326, 0.0207230658221, 0.0500924310307, 0.00619396806456
0.342552128803, 0.0337819421542, 0.0224980652474, 0.0682624090691, 0.0237902165401, 0.00911404701832, 0.342551903554, 0.0337821957318, 0.0224980652474, 0.0682646278003, 0.0237902165401, 0.00911418229394
0.21338819914, 0.0160447744929, 0.15147451446, 0.0500385059391, 0.0600583163645, 0.00900253003525, 0.213395979385, 0.0160447775785, 0.151474515076, 0.0500172156148, 0.0600583163645, 0.00900235555017
0.290056503893, 0.0299017835589, 0.105531683017, 0.0377148251361, 0.0271022581102, 0.00969363739311, 0.290055745145, 0.0299017671395, 0.105531683017, 0.0377148251361, 0.0271016510611, 0.00969363739311
0.309049954685, 0.00595221525339, 0.108360861988, 0.0341819195018, 0.0388952084718, 0.00356558615616, 0.309042967041, 0.00595233184445, 0.108360861988, 0.0341772984425, 0.0388952084718, 0.00356558615616
0.163998366211, 0.0410713342413, 0.236235349686, 0.0178438868559, 0.0318190059603, 0.00903204480006, 0.163998691088, 0.0410714930922, 0.236235363564, 0.0178437898291, 0.0318188096711, 0.00903186500138
0.240954069759, 0.0165208975893, 0.16911021179, 0.0238146539872, 0.0396125649639, 0.00998745805116, 0.240954136515, 0.01652089552, 0.169110212338, 0.0238146648545, 0.0396127858822, 0.00998744875011
0.26453414182, 0.0216650602164, 0.115187625454, 0.0236287802782, 0.0692835774386, 0.00570204016516, 0.264534149465, 0.0216650602164, 0.115187625454, 0.0236288958372, 0.0692810034905, 0.00570204016516
0.195560588453, 0.0251545652658, 0.19301389147, 0.0201518546633, 0.0558905734895, 0.0102290361877, 0.19556053133, 0.025154565147, 0.19301389147, 0.0201518546633, 0.0558905697108, 0.0102280781499
0.276731655634, 0.0180822063452, 0.130280057825, 0.01829605427, 0.0502720053406, 0.00634129515387, 0.276731656833, 0.0180822063452, 0.130280057825, 0.0182937363879, 0.0502677728875, 0.00634129515387
0.319951189091, 0.0310501660503, 0.105411792182, 0.00878536961546, 0.00995670089913, 0.0248438778437, 0.319951190287, 0.0310502065201, 0.105411792182, 0.00878536961546, 0.00995670089913, 0.0248456448158
0.314369822482, 0.0872190092756, 0.0437594706525, 0.0229751557573, 0.00933665217832, 0.0223399206184, 0.314369767579, 0.087219000562, 0.0437594706525, 0.0229751557573, 0.00933665386747, 0.0223399206184
0.279292110424, 0.0334130346903, 0.141007872153, 0.0130460355148, 0.0281764483326, 0.00512351617003, 0.279174147976, 0.0334130355695, 0.141007872153, 0.0130460466758, 0.0281764483326, 0.00512343200744
0.177563859258, 0.025846592593, 0.123361433339, 0.0318092767311, 0.118486607987, 0.0229322236601, 0.177563861705, 0.0258465906696, 0.123361433339, 0.0318092817944, 0.118486607987, 0.0229322309372
0.159783587999, 0.0162533859766, 0.186905857635, 0.0768768904547, 0.0498814410479, 0.0102979601065, 0.159785243912, 0.0162535130648, 0.186905857635, 0.0768768993698, 0.0498814013541, 0.0102979614443
0.230892822956, 0.0244044978449, 0.21153448003, 0.0178287059217, 0.0102416868471, 0.00509615160102, 0.230895496622, 0.0244045926717, 0.211534480202, 0.0178292546094, 0.010241684509, 0.0050961461847
0.215898127033, 0.0186012075327, 0.199320678459, 0.0167906402534, 0.0391609613967, 0.01022847261, 0.21589798757, 0.0186012048743, 0.199320678459, 0.0167906353602, 0.0391609338406, 0.01022847261
0.342420111553, 0.00328556109007, 0.0460753973997, 0.0154101803201, 0.082813517649, 0.00999534972754, 0.342420015464, 0.00328556080151, 0.0460753973997, 0.0154101372504, 0.0828134216175, 0.00999534972754
0.338955959131, 0.0197621093898, 0.0183277524198, 0.0372506393953, 0.075659876516, 0.01004608345, 0.33895634784, 0.0197621093898, 0.0183277524198, 0.0372500537534, 0.0756552328453, 0.01004608345
0.182602880886, 0.0216068968542, 0.180715134247, 0.0291741137149, 0.0698412089563, 0.0160603093064, 0.18260178761, 0.0216068975453, 0.180715134247, 0.0291741137149, 0.0698412136118, 0.0160603093064
0.116728061301, 0.0270286537769, 0.337154708578, 0.0100996031359, 0.00277463635195, 0.00621548217533, 0.116728065024, 0.0270291012145, 0.337154708578, 0.0100968742467, 0.00277462344305, 0.00621548217533
0.216734460527, 0.0140012684725, 0.236251975482, 0.0266925857576, 0.00455241405414, 0.0017087838727, 0.216851484719, 0.0140012599761, 0.236251975482, 0.0266925857576, 0.00455242202663, 0.0017087838727
0.172754330507, 0.037706468199, 0.264227185679, 0.0132049758153, 0.00410742783011, 0.00800057520816, 0.172754176052, 0.0377064317348, 0.264227185679, 0.0132049758153, 0.0041074194178, 0.00799884806141
0.22635519379, 0.0111635445567, 0.249273230679, 0.0087042256249, 0.00226901897239, 0.00223479165787, 0.226355191631, 0.0111635458285, 0.249273230679, 0.00870421253445, 0.00226902238841, 0.00223479165787
0.165115661207, 0.0349048301018, 0.256087858409, 0.0111158732735, 0.0252111557317, 0.00756498341837, 0.165115126581, 0.0349044343113, 0.256087858409, 0.0111158314048, 0.0252114037324, 0.00756498341837
0.170351363944, 0.0198833842824, 0.281114841622, 0.0174412238162, 0.00678317448125, 0.00442352229343, 0.170351734321, 0.0198835101805, 0.281114841719, 0.0174457493016, 0.00678316055841, 0.00442349347915
0.197115887408, 0.0173178730092, 0.270997561371, 0.00665968452458, 0.00433852339845, 0.00357155712217, 0.197115878262, 0.0173178716645, 0.270997559447, 0.00665971796598, 0.00433635157244, 0.00357153425461
0.190840078262, 0.027776822632, 0.262885976449, 0.00974577754649, 0.00538936793283, 0.00336478959289, 0.190840734472, 0.0277768201851, 0.262885976449, 0.00973945243729, 0.00538938275611, 0.00336482128505
0.182740356644, 0.0275560823415, 0.247991332307, 0.0273305307712, 0.00758719467001, 0.00714665286186, 0.182740363532, 0.0275561115286, 0.247991332395, 0.0266261693633, 0.00758721059793, 0.00714666298861
0.246267586388, 0.00805790061046, 0.221729771379, 0.0167995334371, 0.0053665948961, 0.00177900148052, 0.246267502616, 0.0080578994875, 0.221729050056, 0.0167995632735, 0.0053665948961, 0.00177900148052
0.410653744999, 0.0136736019081, 0.0287835352245, 0.02813929317, 0.0135814104795, 0.00516878816163, 0.410653353375, 0.0136736023049, 0.028783129338, 0.0281393423988, 0.0135814104795, 0.00516878816163
0.307409061795, 0.00604484271398, 0.159254971463, 0.011811069225, 0.00972571768287, 0.00575717643777, 0.307403363101, 0.00604484220986, 0.159254971463, 0.011811069225, 0.00972571768287, 0.0057571969991
0.149164120284, 0.0175818744859, 0.316898119271, 0.00938647419087, 0.00375131575491, 0.00321806273008, 0.149164091908, 0.0175818717657, 0.316898119271, 0.00938735688968, 0.00375131575491, 0.00321727769241
0.244920622426, 0.0384074239689, 0.19983769914, 0.00626210983009, 0.00369537227163, 0.00686158271508, 0.244954262826, 0.0384074274582, 0.19983769914, 0.006262270718, 0.00369534080839, 0.00685818869783
0.220529758525, 0.0108038723705, 0.249621859782, 0.00900677186944, 0.0031120386678, 0.00692577885771, 0.22052971379, 0.0108038714627, 0.249621743491, 0.009006773658, 0.0031120386678, 0.00692577885771
0.266677041943, 0.00927239560478, 0.205629505486, 0.0122355572071, 0.00423395046784, 0.00195137598401, 0.266677329001, 0.00927240906495, 0.205629505486, 0.0122356035809, 0.00423395019, 0.00195137598401
0.0902545957671, 0.0347550201082, 0.179253907659, 0.151414021591, 0.029271388945, 0.0150511668884, 0.0902546176643, 0.0347550157292, 0.179253907659, 0.151413802156, 0.029271388945, 0.0150511668884
0.146860997707, 0.0419214984801, 0.257767223425, 0.0416587139933, 0.00520931907429, 0.0065827893728, 0.146861053684, 0.0419214995539, 0.257767223425, 0.0416586989343, 0.00520921354412, 0.00658176880526
0.164963729835, 0.010033924852, 0.304326687256, 0.0106866108385, 0.00697836376525, 0.00301085356479, 0.16496373235, 0.0100339252779, 0.304326687256, 0.0106862682299, 0.00697836321021, 0.00301085356479
0.199166931937, 0.0079447911028, 0.280670061186, 0.00801225881131, 0.00273749235451, 0.00146842029189, 0.199166925777, 0.00794489098628, 0.280670060268, 0.00801225924634, 0.00273748560746, 0.00146842243199
0.410824464864, 0.0374171573229, 0.0220745203322, 0.0174457499835, 0.00308967556147, 0.00926425597829, 0.410594238138, 0.0374171592282, 0.0220745203322, 0.0174457490349, 0.00308967556147, 0.00926283366284
0.0719013106038, 0.0763935952011, 0.279459279163, 0.0485758000734, 0.00767091028614, 0.016001917053, 0.0719012130872, 0.076393529844, 0.279459279163, 0.0485703309667, 0.00767091105017, 0.0160019235084
0.23457663292, 0.00230095554243, 0.241115843739, 0.00130006591212, 0.0139908182704, 0.00671522233171, 0.234577540288, 0.00230095467787, 0.241115843739, 0.00130006591212, 0.0139908177791, 0.00671523888755
0.325686508263, 0.00700044956461, 0.124444917609, 0.0281243562963, 0.0124867923595, 0.00215389850963, 0.32589253679, 0.00700060301605, 0.124444917609, 0.0281243291136, 0.0124867923595, 0.00215389850963
0.240355430285, 0.0389415561201, 0.185504014121, 0.0183820889255, 0.0126857938601, 0.00411492742022, 0.240387740869, 0.0389415563519, 0.185504014121, 0.0183821566466, 0.0126857938601, 0.00411492742022
0.188744084811, 0.0428753300293, 0.231749155416, 0.0187176276139, 0.00771547782022, 0.0101991443585, 0.18874409315, 0.0428754881297, 0.231749155416, 0.0187158210762, 0.00771547782022, 0.0101991443585
0.129405766106, 0.0769373028219, 0.206691583429, 0.0363182324984, 0.0278346846858, 0.0228128538882, 0.129405443262, 0.0769373007558, 0.206691583429, 0.0363175740341, 0.0278347702389, 0.0228129048519
0.200255093897, 0.0277704899834, 0.237044594743, 0.0108432595609, 0.0149723454899, 0.00911384293576, 0.200255086424, 0.0277704954698, 0.237044594743, 0.0108440105944, 0.0149723530788, 0.00911383307986
0.156537567419, 0.04016959555, 0.259699495757, 0.0208261204924, 0.0136854280252, 0.00905848401062, 0.156554615329, 0.0401695514071, 0.259699495757, 0.0208261204924, 0.0137150417506, 0.00905848401062
0.217695142159, 0.0796434989046, 0.167239356387, 0.0253567513262, 0.00548651638282, 0.00457895009777, 0.217694708047, 0.0796435018551, 0.167239356571, 0.0253567487112, 0.00548650472266, 0.00457896483597
0.146196609018, 0.122713547129, 0.179992562368, 0.0273059332237, 0.0188662604189, 0.00492735254475, 0.146194811894, 0.122713547908, 0.179992562368, 0.0273059286779, 0.0188662604189, 0.00492462403183
0.13683644625, 0.0136478981783, 0.318968617638, 0.019892420502, 0.00753680754534, 0.00311776840912, 0.13683643788, 0.0136480856723, 0.318968617638, 0.019892420502, 0.00753680754534, 0.00311767223952
0.123012750188, 0.0426333101057, 0.275958653899, 0.0332644978832, 0.0195942144249, 0.00553452302762, 0.123016818551, 0.0426333085756, 0.275958653899, 0.0332644978832, 0.0195942144249, 0.00553455713853
0.29490728189, 0.0514295980984, 0.0791558742058, 0.0201332433889, 0.0283467248876, 0.0260270392363, 0.294904309883, 0.0514329641641, 0.0791558742058, 0.0201332433889, 0.0283467248876, 0.0260271217628
0.286470040148, 0.0376081738917, 0.0919438690578, 0.0342454517785, 0.0455099801012, 0.00422197792245, 0.286470982732, 0.0376082546522, 0.0919438692072, 0.0342454405333, 0.0455099508414, 0.00422200913439
0.275524937922, 0.0323828885688, 0.145462919301, 0.0183503045915, 0.0160492795503, 0.0122304429453, 0.275523672384, 0.0323826083491, 0.145462919301, 0.0183503045915, 0.0160492795503, 0.0122304429453
0.224855057958, 0.0407084923508, 0.190347418755, 0.0146533002695, 0.0255966836859, 0.00383773048896, 0.224857695496, 0.0407084922731, 0.190347418755, 0.0146533002695, 0.0255966793186, 0.00383773037941
0.0917711160844, 0.0683387544261, 0.260174173246, 0.0330317732428, 0.0221958388583, 0.02448237255, 0.0917708161491, 0.0683387532095, 0.260174174183, 0.0330317732428, 0.0221958388583, 0.0244946159496
0.213985212561, 0.047568280852, 0.175751911286, 0.0356057659052, 0.0176808156065, 0.00940850290468, 0.213985173167, 0.0475682759967, 0.175751910389, 0.0356057112974, 0.0176799371302, 0.00940850290468
0.153042248274, 0.0664391899251, 0.168402811135, 0.0265592883834, 0.0792863011954, 0.0062392656546, 0.153042241865, 0.0664394678195, 0.168402817721, 0.0266210707704, 0.0792861029122, 0.00623919434545
0.228762623128, 0.0394568647477, 0.193664215885, 0.0139744450427, 0.0167175204659, 0.00742418843223, 0.228762601792, 0.0394568585429, 0.193664215885, 0.0139747571815, 0.0167175204659, 0.00742418843223
0.130697366482, 0.16123117467, 0.151104373048, 0.0100601365211, 0.0158949052457, 0.0310114705141, 0.130697373206, 0.161231168021, 0.151104373048, 0.0100612834836, 0.0158949052457, 0.0310114705141
0.228510203831, 0.0323275546361, 0.182017014103, 0.00384709083635, 0.0465953765908, 0.00672348158317, 0.228510285733, 0.0323275842477, 0.182017014482, 0.00380549712617, 0.0465954129348, 0.00672348389553
0.264928278508, 0.132313852739, 0.0328151557387, 0.0431659172437, 0.00423765104645, 0.0225390878173, 0.26492841206, 0.132313849564, 0.0328151557387, 0.0431659172437, 0.00423764074934, 0.022539081551
0.310184440389, 0.0404777360415, 0.116337808604, 0.0153345710665, 0.00958850924119, 0.00807676240151, 0.310184730258, 0.0404777906864, 0.116337808604, 0.0153345710665, 0.00958850924119, 0.00807676240151
0.131196185703, 0.0846592276046, 0.216339590445, 0.0167976723451, 0.0250165256917, 0.0259921313686, 0.131196195245, 0.0846592227661, 0.216339277912, 0.016796262563, 0.0250155685254, 0.0259921398303
0.17657738527, 0.0503032298971, 0.212499517323, 0.0368339693425, 0.0131370796752, 0.0106474557891, 0.17657742298, 0.0503038768961, 0.212499517323, 0.0368340306052, 0.0131373390043, 0.0106491758948
0.153411190867, 0.0871456119055, 0.144773940358, 0.0310001040144, 0.0722478659107, 0.0114223281296, 0.153411184201, 0.087145615652, 0.14477367096, 0.0309995608325, 0.0722465917732, 0.011422335396
