0.00164480674136, 0.373947508844, 0.00266654713831, 0.11568727196, 0.00376360673293, 0.00229109848045, 0.00163503718283, 0.373955599524, 0.00266654713831, 0.11568727196, 0.00376360673293, 0.00229109756555
0.000699253743268, 0.456360575575, 0.00731153883814, 0.0272541921469, 0.00523026917926, 0.00314408946403, 0.000699415557578, 0.456360574674, 0.00731153883814, 0.0272541938547, 0.00523026917926, 0.00314408894973
0.00290832463531, 0.366227908379, 0.0343516329564, 0.0810264608472, 0.0119672639279, 0.00351773802314, 0.00290966983926, 0.366227906209, 0.0343516329564, 0.0810264609409, 0.0119672639279, 0.00351773735803
0.00154692729482, 0.449432677991, 0.0244977479774, 0.015686331966, 0.00494452644604, 0.00389179405003, 0.0015469182632, 0.449432683876, 0.0244977479774, 0.015686331966, 0.00494452644604, 0.00389178574612
0.00370850843576, 0.318957933378, 0.015906175843, 0.1385865153, 0.0205686616016, 0.0023107586296, 0.00362731410199, 0.318962023509, 0.015906175843, 0.1385865153, 0.0205686616016, 0.00231075645655
0.00105898069848, 0.44467750765, 0.0163781305843, 0.0265765745408, 0.00654793673251, 0.00476086554939, 0.0010589890711, 0.44467750765, 0.0163781305843, 0.0265765748852, 0.00654793650462, 0.00476086554939
0.00218651455126, 0.386834321882, 0.00517891587941, 0.0953155657854, 0.00581682830301, 0.00466787285928, 0.00218653374917, 0.386834266286, 0.00517891415578, 0.0953155653861, 0.00581682830301, 0.00466787285928
0.00279534867447, 0.443935058695, 0.0108532752399, 0.0354003066736, 0.00358972638778, 0.0034262689948, 0.00279537334742, 0.443935061016, 0.0108532673183, 0.0354003161201, 0.00358972638778, 0.00342627114489
0.00499710371466, 0.404333163966, 0.0357244230779, 0.0376790599831, 0.0113001791907, 0.00596612533258, 0.00499704769669, 0.404333111404, 0.0357244230779, 0.0376790599831, 0.0113001772409, 0.00596612533258
0.00651024138219, 0.273300333057, 0.100782241054, 0.101300871222, 0.0168463834073, 0.00125992132125, 0.00651024632914, 0.273300333057, 0.100782241054, 0.101300888489, 0.016846378307, 0.00125992132125
0.00214996672118, 0.377246220882, 0.0224221111981, 0.0828797650541, 0.00877637133329, 0.00649053550229, 0.00215027859869, 0.377245657575, 0.0224221111981, 0.0828797650541, 0.00877637133329, 0.00656084554909
0.0052448039519, 0.268532780536, 0.0599838604231, 0.143318693896, 0.0193164894648, 0.00360610845106, 0.00520919491731, 0.268562916778, 0.0599838604231, 0.143318693896, 0.0193164894648, 0.00360610779814
0.0303354939435, 0.217553462707, 0.138971451709, 0.071246972186, 0.0391430550305, 0.00274965856991, 0.0303355473386, 0.217553249877, 0.138971425606, 0.0712469694321, 0.0391430550305, 0.00274965856991
0.00182045174198, 0.428551164753, 0.036860742636, 0.0239821627384, 0.00514883300368, 0.003636634267, 0.00182046886597, 0.428551161316, 0.036860742636, 0.0239821627384, 0.0051488346833, 0.00363664062095
0.00256119908486, 0.266544180889, 0.0797687233116, 0.132671921179, 0.0107135657323, 0.00774041370744, 0.00256120124061, 0.266544169437, 0.0797687112093, 0.13267192559, 0.0107135657323, 0.00774042288651
0.0025563750705, 0.387392478463, 0.0452551417958, 0.0564814164415, 0.00550548443509, 0.00280911876929, 0.00255635142018, 0.387392484684, 0.0452551417958, 0.0564814164415, 0.00550546349988, 0.00280912718414
0.00401411279719, 0.365505051422, 0.00693042294277, 0.107088944573, 0.00536440671609, 0.0110971547249, 0.00401408212964, 0.365504962548, 0.00693034653385, 0.107088982894, 0.00536440671609, 0.0110971260023
0.010769688716, 0.430201751364, 0.0334351986742, 0.0202092780997, 0.00210962528287, 0.00327514608834, 0.0107683865755, 0.430201702992, 0.0334351986742, 0.0202092780997, 0.00210959934556, 0.00327514608834
0.00227699637255, 0.420245647247, 0.0059455585334, 0.0612739820618, 0.00645215009282, 0.00380474504485, 0.00227783114707, 0.420246656963, 0.0059455585334, 0.0612740039984, 0.00645214798702, 0.00380472201832
0.00312870807103, 0.377753685607, 0.0138792824896, 0.0931354443577, 0.00940681245961, 0.00269655506324, 0.00312785873147, 0.377753732706, 0.0138792824896, 0.0931354443577, 0.00940681245961, 0.00269638120738
0.00348764138782, 0.325793675543, 0.0868278290462, 0.0596038833033, 0.0191866088517, 0.0051003079149, 0.00348769341206, 0.325793676302, 0.0868278290462, 0.059603950558, 0.0191865858275, 0.00510031880729
0.00132621850233, 0.43631432973, 0.0317195912144, 0.0208794172863, 0.00497720940684, 0.0047826620352, 0.00132621921424, 0.43631436696, 0.0317195912144, 0.0208794172863, 0.00497831372454, 0.00478266342517
0.0049764965833, 0.311202947121, 0.071625917285, 0.0969968130204, 0.00887846411151, 0.00631927099105, 0.00497648379934, 0.3112029272, 0.0716259680763, 0.096996812893, 0.00887846753466, 0.00631943138441
0.00333672526606, 0.345621661723, 0.00793894758663, 0.140359561828, 0.00185586862949, 0.000887408686481, 0.00333674606591, 0.345621643333, 0.00793859834513, 0.140359561221, 0.00185586862949, 0.000887408686481
0.0141705015511, 0.43231631011, 0.0079245297014, 0.0354814849511, 0.00719487133392, 0.00291172418809, 0.0141718396877, 0.4323161247, 0.0079245297014, 0.0354814887544, 0.00719487133392, 0.00291172398723
0.00133090886267, 0.362433424239, 0.00536057506066, 0.101937828249, 0.0223550785059, 0.0065822810428, 0.00133080035637, 0.362433338892, 0.00536057506066, 0.101937828249, 0.0223550804399, 0.0065822810428
0.00727990253059, 0.415843641646, 0.0261018881234, 0.0165867408261, 0.023505538915, 0.0106822872316, 0.00727990638812, 0.415843621407, 0.0261018881234, 0.0165867408261, 0.0235055385318, 0.0106823054506
0.00269121169818, 0.403783094963, 0.00592166997033, 0.0675795862365, 0.00965907687573, 0.0103658351217, 0.00269118972214, 0.403783095419, 0.00592166997033, 0.0675786580257, 0.00965907687573, 0.0103658351217
0.0168151703369, 0.354819744893, 0.0501243770343, 0.035930889864, 0.0332644922625, 0.00904663800416, 0.0168151466424, 0.35481976356, 0.0501243770343, 0.0359282701011, 0.0332644922625, 0.00904663800416
0.00745297366292, 0.355987539569, 0.0185278792088, 0.0869067763237, 0.0258117377308, 0.00531329768011, 0.00745253193867, 0.355987520011, 0.0185278792088, 0.0869068296991, 0.025811737287, 0.00531329768011
0.00664223624613, 0.346993423854, 0.040403535678, 0.0542202685496, 0.0437378496175, 0.00800338325554, 0.00664085454466, 0.346993411954, 0.040403535678, 0.0542202677491, 0.0437378496175, 0.00800338325554
0.00774537907767, 0.281782733847, 0.0240202170202, 0.125760651246, 0.0475906000266, 0.0131006989906, 0.00774506771192, 0.281782728435, 0.0240202170202, 0.125760646954, 0.047590560218, 0.0131004994532
0.00430196760529, 0.417989354314, 0.0381885194787, 0.0120919119839, 0.0210370194714, 0.00639118338581, 0.00430197667591, 0.417989434483, 0.0381885194787, 0.0120919118993, 0.0210370197523, 0.00639118147175
0.00214659978214, 0.359577253118, 0.0184962657007, 0.0890631890324, 0.0208560261968, 0.00986040557651, 0.00214662828984, 0.359577767838, 0.0184962534113, 0.0890631816048, 0.0208560261968, 0.00986040325226
0.00126623291371, 0.396554296035, 0.00739727958412, 0.0882352802481, 0.00371782062393, 0.00282955858392, 0.00126532810581, 0.396554265987, 0.00739727958412, 0.0882352791264, 0.00371782062393, 0.00282955858392
0.0177674502599, 0.228871227217, 0.08985224051, 0.124970824999, 0.0250636152519, 0.0134746387089, 0.0177674531697, 0.228871245944, 0.08985224051, 0.1249708252, 0.0250636120793, 0.0134746261508
0.00387558969327, 0.425178807684, 0.0291113860043, 0.00874004375647, 0.0267011211245, 0.00639392014054, 0.00387384317031, 0.425178819415, 0.0291113860043, 0.00874004174291, 0.0267011211245, 0.00639392014054
0.00377114154273, 0.349447365874, 0.0145703590716, 0.0985240579267, 0.0226535021093, 0.0110321614486, 0.00377126389805, 0.349447382003, 0.014570398074, 0.0985240579267, 0.0226561033377, 0.0110322067879
0.0082219834092, 0.370914395704, 0.00912138157404, 0.0725304353171, 0.0199357266526, 0.0192757422065, 0.00822262570653, 0.370914392523, 0.00912138157404, 0.0725304353171, 0.0199357134891, 0.0192757865266
0.00160524237108, 0.296654826963, 0.00717235630453, 0.166949835102, 0.0228386545508, 0.00477921884767, 0.0016049502603, 0.296654851851, 0.00717235630453, 0.166949834046, 0.0228386545508, 0.00477921884767
0.00348750255832, 0.300883959003, 0.0543753729441, 0.102869699227, 0.023990252185, 0.0143934927292, 0.00348698690995, 0.300883926266, 0.0543753729441, 0.102869690319, 0.023990252185, 0.0143934927292
0.0259390060523, 0.327138642029, 0.0560383236671, 0.0402685325913, 0.0348690374543, 0.0157448753588, 0.0259389506644, 0.327138819325, 0.0560383456301, 0.0402685325913, 0.0348720442206, 0.0157448904166
0.0070259433669, 0.429753694748, 0.0202711057776, 0.0267688085962, 0.0136978497352, 0.00248256753853, 0.00702599243497, 0.429753696595, 0.0202711057776, 0.0267688085962, 0.0136978497193, 0.00248257711418
0.00187960932103, 0.41062833256, 0.00559726742199, 0.0690700267785, 0.00997906332169, 0.0028456659269, 0.00187959817243, 0.410628408768, 0.00559726742199, 0.0690700280024, 0.00997906346598, 0.00284566883921
0.00448448472112, 0.349297069757, 0.0108289437676, 0.125200247968, 0.00783140586082, 0.00235781172299, 0.00448449782164, 0.349297122384, 0.0108289437676, 0.125200251292, 0.00783140973834, 0.00235781119831
0.00288203770212, 0.39271978597, 0.0142545721025, 0.0571112878298, 0.0208025355203, 0.0122303427373, 0.00288201294079, 0.392719681391, 0.0142545721025, 0.0571112849096, 0.0208025355203, 0.0122293512733
0.00181286786705, 0.353413181449, 0.00645652518889, 0.13296808957, 0.00286845668871, 0.00247825337523, 0.00181286162225, 0.353413174619, 0.00645652518889, 0.13296808957, 0.00286845668871, 0.0024835181728
0.00278942607224, 0.191646754553, 0.0241470935961, 0.246198038775, 0.025692889791, 0.00953055214823, 0.00278937580882, 0.191646751214, 0.0241470935961, 0.246188590589, 0.0256928880325, 0.00953054582419
0.00322854826187, 0.359770236998, 0.0175918208073, 0.075754125797, 0.0280858500944, 0.0155157107156, 0.00322854350795, 0.359770206457, 0.0175918208073, 0.075754125797, 0.0280858500944, 0.015623160662
0.00354661996126, 0.320506798343, 0.0421863751708, 0.0680713950567, 0.0532109516717, 0.0124785743607, 0.00354471523201, 0.320506807515, 0.0421863754723, 0.0680719928016, 0.0532109516717, 0.012478442743
0.00165545783785, 0.443940618446, 0.00991668758443, 0.0374288527669, 0.0042271867578, 0.00277783281684, 0.00165544528125, 0.443940605223, 0.00991668758443, 0.03753559736, 0.0042271867578, 0.00277784158346
0.00128861387408, 0.46348125341, 0.00904352921246, 0.0217376491676, 0.00249429456463, 0.00194163875082, 0.00131457088518, 0.463481254897, 0.0090436117537, 0.0217376478468, 0.00249429456463, 0.00194164107326
0.000874145531051, 0.445838616415, 0.0200961012378, 0.0177232500631, 0.0134117157314, 0.00204331899856, 0.000899860117693, 0.445838612438, 0.0200961012378, 0.0177232463183, 0.0134117157075, 0.0020433162035
0.00594812646854, 0.288189887874, 0.123594380077, 0.0548744963351, 0.025218941866, 0.00217418428604, 0.00594823184523, 0.288189867837, 0.123594380077, 0.0548743687416, 0.025218941866, 0.00217419272701
0.00157128228418, 0.430825759345, 0.0205090702929, 0.0321798420257, 0.00501744720492, 0.00989523636672, 0.00157133649409, 0.430826204623, 0.0205090702929, 0.0321798415057, 0.00501744720492, 0.00989746235954
0.00242714866566, 0.414831639871, 0.0158049413038, 0.056451788269, 0.00462731545957, 0.00583809823695, 0.0024279357096, 0.414834749921, 0.0158049413038, 0.0564518108396, 0.00462731545957, 0.00587231496066
0.00636581661598, 0.395408604477, 0.0177637506738, 0.0585820815777, 0.00984565874829, 0.0120327989546, 0.00636840722294, 0.395408693913, 0.0177636974211, 0.0585817273018, 0.00984596413901, 0.0120327989546
0.00152647262062, 0.431483872671, 0.00447022123845, 0.0563531981994, 0.00292909072497, 0.00323742958147, 0.00152596816272, 0.431483883252, 0.00447022123845, 0.0563531981994, 0.00292901453085, 0.00323742958147
0.00191973458871, 0.393642037132, 0.0140905812615, 0.0828258605176, 0.0061274832874, 0.00139398621411, 0.00192027543049, 0.393642033307, 0.01409066938, 0.0828258695975, 0.0061274832874, 0.00139398599613
0.00148559676669, 0.46084874399, 0.0210112535264, 0.00814167306933, 0.00583625800228, 0.00267645338994, 0.00148560254946, 0.460848762407, 0.0210112535264, 0.00814170711336, 0.00583624864708, 0.00267644701282
0.00290660059529, 0.431492134497, 0.0400723489252, 0.0166693967128, 0.00479643649326, 0.00406319503623, 0.00290662399031, 0.431491892672, 0.0400723489252, 0.0166693906229, 0.00479643649326, 0.00406319503623
0.000865274340716, 0.428782723354, 0.0421349263028, 0.0189471014379, 0.00680729321751, 0.00238524123976, 0.000871653062629, 0.428930350305, 0.0421349263028, 0.0189479767314, 0.00680729246526, 0.00238524123976
0.00779419278454, 0.307432605213, 0.109041136018, 0.0514547113975, 0.0178568824469, 0.00641845691942, 0.00779370298096, 0.307436797493, 0.109041067989, 0.0514551073913, 0.0178568824469, 0.00641845691942
0.00390448356064, 0.30691905742, 0.148748506836, 0.0236084436721, 0.0115665463539, 0.00525313470327, 0.0039046393635, 0.306918840306, 0.148748506836, 0.0236085151781, 0.0115664842431, 0.0052528415276
0.00807582284408, 0.357642749622, 0.0421454714076, 0.0630038760958, 0.0188754150553, 0.0102565392376, 0.00807677368619, 0.357642619028, 0.0421454714076, 0.0630033463369, 0.0188754150553, 0.0102565002242
0.00925175435895, 0.396309036278, 0.013614073491, 0.0577012528528, 0.0148654545206, 0.00825826887713, 0.00925169967456, 0.396309053429, 0.0136140232244, 0.0577017111711, 0.0148653333748, 0.00825833874811
0.00192057890432, 0.314223489135, 0.114830977446, 0.0552168405611, 0.0108302043167, 0.00297797787547, 0.00192054920374, 0.314223385438, 0.114830977446, 0.0552168385959, 0.0108302032021, 0.00297797787547
0.0021106499329, 0.397706196741, 0.0652337991731, 0.0223570558061, 0.00909194959194, 0.00350079553478, 0.00211065572778, 0.397706240676, 0.0652338177209, 0.0223570558061, 0.00909097970675, 0.00350080358284
0.0015038224435, 0.292203404364, 0.118424547708, 0.0287293466548, 0.0499047160352, 0.00923414879615, 0.00150385709324, 0.292203387537, 0.118424547708, 0.0287293568271, 0.0499047160352, 0.00923414879615
0.00198005245969, 0.442663124275, 0.0105251323219, 0.03909874278, 0.004287617915, 0.00145082629344, 0.00198010140082, 0.44265165255, 0.0105255101946, 0.039098795362, 0.00428762949128, 0.00145081495662
0.00474198857538, 0.384401516357, 0.0264724780727, 0.0762127430734, 0.005611255873, 0.00255795618002, 0.00474170617264, 0.384401679297, 0.0264725725313, 0.0762127430734, 0.005611255873, 0.00256210492109
0.00120867316675, 0.377331826859, 0.0864619706785, 0.0204331389746, 0.00990597024508, 0.00465836432896, 0.00120868912805, 0.377331871741, 0.0864619421748, 0.0204332105342, 0.00990597067088, 0.00465837149833
0.00778367161044, 0.216288044128, 0.199444621471, 0.0572656827625, 0.0147498382594, 0.0044683197311, 0.00778368191988, 0.216288046817, 0.199444646715, 0.0572656827625, 0.0147494417706, 0.00446832205261
0.00323962019117, 0.413012790553, 0.0428536855787, 0.0268899242598, 0.00982267272384, 0.00419102062012, 0.0032395813403, 0.413012807869, 0.0428535072333, 0.0268910011741, 0.00980234360318, 0.00419104485307
0.000886434853489, 0.433066362096, 0.0261111965316, 0.0331159907329, 0.00456201000734, 0.00212605634873, 0.000886478475224, 0.433066374396, 0.0261111965316, 0.033379820054, 0.00456201000734, 0.00212606996589
0.00364550185546, 0.321214368297, 0.00771627932942, 0.161642489563, 0.00319244070824, 0.00258955820874, 0.00364551078595, 0.321214387032, 0.00771607902336, 0.16164138628, 0.00319244070824, 0.00258955820874
0.00904351404243, 0.412125629029, 0.0483011044984, 0.00584121269309, 0.0203235586643, 0.00436489850508, 0.00904352679839, 0.412125640918, 0.048301231235, 0.00584121285521, 0.0203235586643, 0.00436491209686
0.00700001814994, 0.357358740336, 0.00556067875894, 0.114566815905, 0.00882430202955, 0.00668776554246, 0.00699987592129, 0.35736211556, 0.00556067875894, 0.114566882558, 0.00882435893136, 0.00668776754841
0.00622666990274, 0.317829730511, 0.0591779595387, 0.0829933067395, 0.024988659291, 0.00878364654714, 0.00622668160816, 0.31782976974, 0.0591779595387, 0.0829932948782, 0.0249886751582, 0.00878364654714
0.00727743157791, 0.326296786632, 0.0157445658208, 0.135698592279, 0.00471848281055, 0.0102596553673, 0.00727576692166, 0.326307004108, 0.0157445658208, 0.135698678062, 0.00471868682763, 0.0102597837721
0.017618736875, 0.329854569227, 0.0150764344865, 0.114352677913, 0.0129047671745, 0.0101923096012, 0.0176188609543, 0.329854504191, 0.0150764344865, 0.114352375822, 0.0129046692354, 0.010193660034
0.0185234189569, 0.40310031111, 0.0164602324346, 0.0425802998549, 0.0133764950926, 0.00595920780832, 0.0185235217156, 0.40310031111, 0.0164602324346, 0.0425802998549, 0.0133764742981, 0.00595919533035
0.0112490186069, 0.32938352263, 0.0149671136761, 0.124406941511, 0.00901242580823, 0.0109830514013, 0.011245097793, 0.329383440644, 0.0149671136761, 0.124407230433, 0.00901189975652, 0.010983144065
0.00434071431329, 0.436968175616, 0.016510575232, 0.0365617177439, 0.00219757894135, 0.00342146310781, 0.00434070134717, 0.436967567477, 0.016510575232, 0.0365621517325, 0.00219757894135, 0.00342120031647
0.0117839787058, 0.375537012595, 0.00854475796568, 0.0812211232092, 0.00742719733869, 0.0154859410411, 0.0117839804758, 0.375536953329, 0.00854475796568, 0.0812211627093, 0.00742719733869, 0.0154859373259
0.00376679581944, 0.340061788887, 0.0126513569195, 0.131396068967, 0.00277382921576, 0.00935028294974, 0.00376670734707, 0.340061788887, 0.0126513569195, 0.131396068967, 0.00277375351396, 0.00935020160628
0.00434952638616, 0.360115130349, 0.00892163537231, 0.114765954098, 0.00520546280102, 0.00664235608532, 0.0043479335025, 0.360116137364, 0.00892163537231, 0.114766258241, 0.00520551856811, 0.00664245185941
0.0167354410832, 0.346616273664, 0.0288171494134, 0.0675782364138, 0.0286100010779, 0.0116331839839, 0.0167360928442, 0.346634260464, 0.0288171494134, 0.0675786389598, 0.0286100007465, 0.0116335719364
0.0107982699066, 0.336352279406, 0.0116733390348, 0.131051668316, 0.00648854904857, 0.00363570244559, 0.010798255245, 0.336352625506, 0.0116733390348, 0.131051702943, 0.00648855673172, 0.00363571238178
0.00169009667142, 0.347227400844, 0.00354582010545, 0.138647149555, 0.00582419687859, 0.00306050530729, 0.00168990023136, 0.347237254671, 0.00354582010545, 0.138647150167, 0.00582419821024, 0.0030605072542
0.00415549809179, 0.305720896387, 0.0188077924589, 0.161915927659, 0.00712676188522, 0.0022668531257, 0.00415549567389, 0.305732703779, 0.0188077924589, 0.161915942307, 0.00712675632456, 0.00226757984958
0.00912254176914, 0.360864257499, 0.0480196416267, 0.0355776269596, 0.0393051158553, 0.00709822119474, 0.00912276688544, 0.360885174161, 0.0480196416267, 0.0355776436851, 0.0393051016133, 0.0071022671244
0.00576576148353, 0.397964586422, 0.012326952724, 0.0691649014695, 0.00783015569179, 0.00694330424794, 0.00576501412147, 0.397973244066, 0.012326952724, 0.0691650044017, 0.00783015001816, 0.00694397263061
0.0121799427799, 0.284587676729, 0.0440587411557, 0.141171926994, 0.0099189571449, 0.00808238943888, 0.0121800102561, 0.284587511519, 0.0440587411557, 0.141172768806, 0.0099189571449, 0.00808237687542
0.00709017066846, 0.45863149563, 0.00855421797145, 0.0127629736228, 0.00402478944621, 0.00893635429684, 0.00709017366936, 0.45863149078, 0.00855421797145, 0.0127629722003, 0.00402478944621, 0.00893635429684
0.00972637595848, 0.379591845767, 0.0092463954685, 0.0948087734296, 0.00263654162363, 0.00399022457515, 0.00972605527585, 0.379591807655, 0.0092463954685, 0.09480881858, 0.00263654162363, 0.00399022457515
0.00642053522463, 0.282478079279, 0.0288555534471, 0.161838498635, 0.0166846387049, 0.00372229964578, 0.00642059265785, 0.282478545981, 0.0288555534471, 0.161838498185, 0.0166846387049, 0.0037225660877
0.00629897907766, 0.360264769004, 0.0252624329733, 0.0950567819689, 0.00876354613449, 0.00435367181351, 0.00629875867318, 0.360264734434, 0.0252624329733, 0.0950566687784, 0.00876354613449, 0.00435367803491
0.00393852205262, 0.21962319646, 0.178986236071, 0.0518437748959, 0.0382090918572, 0.00739981397059, 0.00393777229614, 0.219622661477, 0.178986236071, 0.0518437800705, 0.0382091008072, 0.00739981397059
0.00804318130134, 0.309336079922, 0.0051754418045, 0.174605905163, 0.00121117835781, 0.00162563194378, 0.00804311408542, 0.309341178564, 0.0051754418045, 0.174605914711, 0.001211168826, 0.00162576351775
0.00851152517748, 0.345010036095, 0.00230813692309, 0.13601993186, 0.00531483542364, 0.00251261808782, 0.00851152528817, 0.345655479896, 0.00230816179829, 0.136019927644, 0.00531483542364, 0.00251298638398
0.0193011798776, 0.26783621272, 0.0116312377958, 0.177314156138, 0.0156404624485, 0.00827574766873, 0.0193011852223, 0.267836210225, 0.0116312377958, 0.17730781075, 0.0156404624485, 0.00828409690935
0.00962459207324, 0.315066013152, 0.00699409629625, 0.149968529657, 0.00849090267167, 0.00985587253779, 0.00962458832788, 0.315066013444, 0.00699409629625, 0.149968520669, 0.00849090233694, 0.00985587253779
0.0133761270687, 0.32770486665, 0.00583913891913, 0.134247799657, 0.00924585339264, 0.00958603560504, 0.0133761201316, 0.327704871444, 0.00583917740987, 0.134248092183, 0.00924585339264, 0.00958606414565
0.0346272945258, 0.39542758255, 0.00678649854842, 0.0555984162384, 0.00501047677373, 0.00254904946793, 0.034627292819, 0.395427645748, 0.00678649966281, 0.0556004935287, 0.00501041588539, 0.00254833425179
0.00185099191618, 0.210646964332, 0.0111629253147, 0.242147093528, 0.0134986572162, 0.0206994477682, 0.00183801404813, 0.210646963435, 0.0111629253147, 0.242147911695, 0.0134986572162, 0.0206994482155
0.00614659533359, 0.292507780267, 0.0232835983911, 0.151641663731, 0.0139871808534, 0.0124334962159, 0.00614565859599, 0.292507782444, 0.023283598717, 0.151641613997, 0.0139871251362, 0.0124339063182
0.00740199608831, 0.286931829078, 0.00212410508802, 0.189523677377, 0.0104416892418, 0.00357669983548, 0.00740199632748, 0.286931828721, 0.00212410508802, 0.189523684077, 0.0104416892418, 0.00357669983548
0.00301935944733, 0.280045300501, 0.013687251251, 0.191364964051, 0.00651400530049, 0.00537321175034, 0.00301115293477, 0.280045300432, 0.013687251251, 0.19136498317, 0.00651400530049, 0.00537321461074
0.0196354951172, 0.323374343796, 0.0704934107592, 0.0712932160343, 0.00727918934868, 0.00793876362852, 0.0196390403363, 0.323374403635, 0.0704934107592, 0.0712607736082, 0.00727918934868, 0.00793876362852
0.00376405041929, 0.28594710026, 0.032022927567, 0.1618520322, 0.00875539739268, 0.00765860958569, 0.00376623736001, 0.285947084494, 0.032022927567, 0.161851573375, 0.00875348670341, 0.0076585730761
0.00716012476847, 0.276939243076, 0.0714529987304, 0.116588470723, 0.0235327738931, 0.00432662415972, 0.00715892751466, 0.276939239467, 0.0714529990298, 0.11658899243, 0.0235327738931, 0.0043268323144
0.0163428011136, 0.254416035881, 0.0167777996122, 0.182038859522, 0.014579387377, 0.0158450881482, 0.0163428610693, 0.254416032617, 0.0167777996122, 0.182038859522, 0.014579387377, 0.0158450881482
0.0276628539327, 0.326596209096, 0.00852725085839, 0.123289586785, 0.00617101322054, 0.00775150695738, 0.0276643270047, 0.326596264919, 0.00852725085839, 0.12329121619, 0.00617101322054, 0.00775150695738
0.0215020634394, 0.327828109148, 0.013990251863, 0.118531015834, 0.00958721079304, 0.00856132414923, 0.0215020999463, 0.327828122187, 0.013990251863, 0.118531015834, 0.00958721079304, 0.00856132414923
0.132170395478, 0.309627769648, 0.00523209403664, 0.0441946838534, 0.00644243124908, 0.00233240703136, 0.132170472135, 0.309627769648, 0.00523209403664, 0.0441948393435, 0.00644263650869, 0.00233240703136
0.0829684405679, 0.373519000869, 0.00581772371814, 0.0277552166493, 0.00737822372917, 0.00256140929308, 0.0829684405679, 0.373519000869, 0.00581772371814, 0.0277552166493, 0.00737819407568, 0.00256140929308
0.00947885333872, 0.379582685916, 0.0182785107199, 0.0678116157491, 0.0157924923855, 0.00905584189043, 0.00947885333872, 0.379582685916, 0.0182785107199, 0.0678116157491, 0.0157924923855, 0.00905584189043
0.0287389936574, 0.28603253981, 0.00941922090704, 0.154034985082, 0.0126823769508, 0.00909176946744, 0.0287390934079, 0.286032668311, 0.00941922090704, 0.154034985082, 0.0126823769508, 0.00909176946744
0.0679274249945, 0.363309548246, 0.00438933993403, 0.0526716205076, 0.00800391155318, 0.00370983201378, 0.0679040027147, 0.363309548178, 0.00438933993403, 0.0526716882291, 0.00800391155318, 0.00370983214155
0.0542453182968, 0.410800278865, 0.00678878076932, 0.0154953147968, 0.00853583819066, 0.00413331505397, 0.0542484078786, 0.410800277135, 0.00678878076932, 0.0154948403901, 0.00853553831571, 0.00413330953804
0.0127208993978, 0.281570397535, 0.00650944737502, 0.190583815282, 0.00405943410325, 0.00455600814672, 0.0127208899804, 0.281570407507, 0.00650944737502, 0.190583815282, 0.00405943410325, 0.00455600391287
0.0115784265745, 0.340316852857, 0.012519499214, 0.123855658051, 0.00583336209617, 0.00589606161235, 0.0115783907992, 0.340317167761, 0.0125194992744, 0.123855658051, 0.00583336209617, 0.00589606161235
0.00454941085837, 0.244735240666, 0.012330013937, 0.229547049437, 0.00613639509896, 0.00269388536189, 0.00454987791473, 0.244735242336, 0.012330013937, 0.229547049437, 0.00613639979258, 0.00270942122463
0.00514594786563, 0.388681432398, 0.0100017254015, 0.0731379832647, 0.0187929528827, 0.0042399534544, 0.00514594235774, 0.388681432398, 0.0100017254015, 0.0731379832647, 0.0187929528827, 0.00423996842932
0.00405637876756, 0.302147265676, 0.00641655101355, 0.166952483839, 0.0119818832721, 0.00844538900846, 0.00405646226392, 0.302147252807, 0.00641655101355, 0.166952484681, 0.0119818832721, 0.0084454143859
0.00311822951455, 0.29878603558, 0.00289673729995, 0.165370084783, 0.0202220554719, 0.00960685990783, 0.00311825102412, 0.298786030416, 0.00289673729995, 0.165370099094, 0.0202220554719, 0.00960682413667
0.00655283776365, 0.272197997368, 0.00834280152212, 0.187318916601, 0.00886628730783, 0.0167165741362, 0.00655286615793, 0.272206061303, 0.00834280152212, 0.187321241786, 0.0088663692541, 0.0167152452782
0.00317156759428, 0.254035528744, 0.0218967018757, 0.202810770146, 0.0110002141433, 0.00709185692553, 0.00317156182938, 0.25403552693, 0.0218967018757, 0.202797498867, 0.0110002141433, 0.00709185692553
0.00288725203969, 0.252693921022, 0.0234907597593, 0.191278004482, 0.0229933785351, 0.00665876286077, 0.00288428219919, 0.252693952564, 0.0234907603288, 0.191276803689, 0.0229934120929, 0.00665871042729
0.0177787632751, 0.271860497099, 0.0148555636108, 0.158134510414, 0.0137241387492, 0.0236442315684, 0.0177786291254, 0.271860474287, 0.0148557300405, 0.15813444575, 0.0137287845129, 0.0236442315684
0.00239705712037, 0.250776238145, 0.00983173628974, 0.205560789105, 0.0199317614099, 0.0115021737894, 0.00239727001373, 0.250776246525, 0.00983173628974, 0.205560798143, 0.0199320509566, 0.0115021422123
0.00287875863232, 0.235264293011, 0.0239353748672, 0.20515917388, 0.0179003290495, 0.0148625809609, 0.00287887391031, 0.235264277624, 0.0239353748672, 0.205157960827, 0.0179003290495, 0.0148626733218
0.00508500968695, 0.40625930726, 0.00646443320286, 0.0568133269789, 0.0187947351771, 0.0065832749636, 0.00508508175283, 0.406259310525, 0.00646443320286, 0.0568131448246, 0.0187946762412, 0.00658326618458
0.00405806385883, 0.201515633927, 0.0383392939564, 0.238968738964, 0.0112456728795, 0.00587776571549, 0.00405515280788, 0.201515813105, 0.0383392939564, 0.238961132235, 0.0112456728795, 0.00587776571549
0.0030305555501, 0.280464993351, 0.0685653227217, 0.118727534015, 0.0187591366662, 0.0104853738968, 0.00303055213274, 0.280464992755, 0.0685653227217, 0.118661707962, 0.0187591343311, 0.0104853738968
0.00347380443422, 0.414783149265, 0.00689918927012, 0.0486251357211, 0.0210234561718, 0.00519528399214, 0.0034737973496, 0.414783150439, 0.00689918927012, 0.0486251039235, 0.0210234561718, 0.00519528399214
0.00759302106402, 0.367697427253, 0.0062084245823, 0.0874170809719, 0.0239402250768, 0.00711175288361, 0.00765538502696, 0.367699246399, 0.0062084245823, 0.0874170341994, 0.0239402250768, 0.00711175288361
0.00531747195247, 0.348611937838, 0.0211492435199, 0.0946170553814, 0.017321516246, 0.0129828950895, 0.00531723994227, 0.348611935714, 0.0211492435199, 0.0946170553814, 0.0173215103258, 0.0129828950895
0.00563928785141, 0.249251628508, 0.0790400980405, 0.0703857172161, 0.0547615256847, 0.04092105882, 0.00563928581073, 0.249251639769, 0.0790400980405, 0.0703870844125, 0.0547615256847, 0.0409210501623
0.00312984943938, 0.365776524334, 0.0169745247812, 0.10908545962, 0.00369064273177, 0.00134300136299, 0.00312984793895, 0.365776523776, 0.0169745247812, 0.10908545714, 0.00369064273177, 0.00134300136299
0.0121959495485, 0.357908912648, 0.0263619623389, 0.0839327131108, 0.0120779441968, 0.00752284062356, 0.0121952702025, 0.357908917702, 0.0263619623389, 0.0839327131108, 0.0120779735555, 0.00752284062356
0.00486643840881, 0.241408177391, 0.0210926102928, 0.211945601732, 0.0105288805382, 0.0101907226153, 0.0048668160494, 0.241408176443, 0.0210926102928, 0.211880373537, 0.0105288700845, 0.0101907226153
0.0122613483748, 0.186751624666, 0.0359364388654, 0.228648641776, 0.0102904707237, 0.0261098845703, 0.01226380846, 0.186751606427, 0.0359364393381, 0.228648685943, 0.0102914642104, 0.0261095866449
0.00247563920344, 0.160487753653, 0.00712873389267, 0.323810241694, 0.00283192883334, 0.00326538417311, 0.00247564191313, 0.160487760985, 0.00712873389267, 0.323810241694, 0.00283255589256, 0.00326538417311
0.0063319338728, 0.204891598126, 0.0259677690205, 0.219231205185, 0.010777947931, 0.0327991888547, 0.00633189056075, 0.204891597655, 0.025967682038, 0.219232049971, 0.010777947931, 0.0327991888547
0.00341847757201, 0.34435452492, 0.00828801925767, 0.127174757988, 0.0105771890552, 0.00618836540738, 0.00341844770004, 0.344354522136, 0.00828801925767, 0.127174757988, 0.010577174859, 0.00618574385944
0.00594272477248, 0.308063458204, 0.0134325841522, 0.145563029925, 0.00914162226165, 0.0178571790461, 0.00594432806855, 0.308063455979, 0.013432585422, 0.145562725213, 0.00914162226165, 0.0178546846941
0.00278662027553, 0.365257797344, 0.0149431625072, 0.0949907476116, 0.0182738075359, 0.00374656044525, 0.00278921698397, 0.365257792424, 0.0149431625072, 0.0949907476116, 0.0182738045593, 0.00374658019466
0.00614802062419, 0.32798802024, 0.0474945150164, 0.092346935256, 0.0170292454143, 0.00899390130336, 0.00614801342232, 0.327988020018, 0.0474945150164, 0.092346935256, 0.017029216447, 0.00899266198619
0.00888702010669, 0.31354779066, 0.0232915932425, 0.134459423388, 0.00650263794345, 0.0133301453356, 0.0088869540508, 0.313547793277, 0.0232915932425, 0.134422250224, 0.00650263805093, 0.0133301604788
0.0037817366428, 0.26509435597, 0.049721968206, 0.163445087178, 0.0084449502426, 0.00951262089083, 0.00378138228833, 0.265094354685, 0.049721968206, 0.163443913703, 0.0084449502426, 0.00951271174553
0.0176598546254, 0.286268060479, 0.0508643588754, 0.11785225137, 0.0156703164426, 0.0116831662912, 0.0176598018917, 0.28626792495, 0.0508643588754, 0.117851619414, 0.0156748996061, 0.0116833871786
0.00819179468591, 0.30091475495, 0.0876973454511, 0.0873968361074, 0.00974713820058, 0.00605213795355, 0.00819177916915, 0.300914742065, 0.0876973454511, 0.0873968387844, 0.00974713820058, 0.00605214898124
0.0173928771877, 0.262836308283, 0.0467386564827, 0.128842628215, 0.0120261417486, 0.0321627781133, 0.0173940486664, 0.262836288596, 0.0467386564827, 0.128842643974, 0.0120261417486, 0.0321628305012
0.0256322496245, 0.239268299644, 0.015144482073, 0.169770678054, 0.00630990678885, 0.0438697046478, 0.0256378845278, 0.239268285992, 0.015144482073, 0.169770676554, 0.00630985520722, 0.0438734948136
0.0102847564828, 0.28141301637, 0.0331281406138, 0.138810348352, 0.0184718484472, 0.0178920445976, 0.010284791827, 0.281412915625, 0.0331281406138, 0.138810165844, 0.0184717932002, 0.0178920380274
0.0227653373791, 0.2567706791, 0.0730690763401, 0.125970423314, 0.00792989372521, 0.0134883709288, 0.0227848384773, 0.256770584619, 0.0730690741726, 0.125970423314, 0.00792995091967, 0.0134813477105
0.0330491770073, 0.390534749253, 0.0429833586696, 0.025313865489, 0.00349320641796, 0.00462567724762, 0.0330491982502, 0.390534735075, 0.0429833586696, 0.0253138792412, 0.00349312301717, 0.00462567166168
0.0104871151083, 0.393354441605, 0.0530573194807, 0.0291277833484, 0.0055864922006, 0.00838711371459, 0.0104871766408, 0.393354436687, 0.0530573194807, 0.0291271974275, 0.00558649059107, 0.00838711371459
0.00752219257385, 0.397751738287, 0.0544967442831, 0.025111712485, 0.00474760402265, 0.0103775090185, 0.00750712739992, 0.397751738171, 0.0544967442831, 0.025111712485, 0.00474760402265, 0.010377572968
0.00417944661687, 0.355016502299, 0.0132594480108, 0.122579259199, 0.0035627630052, 0.00140196640475, 0.00418043504551, 0.355016499477, 0.0132594480108, 0.122579259199, 0.00356275382518, 0.00140221890603
0.0114779899999, 0.295933405807, 0.0470969800841, 0.121997248795, 0.00519269763135, 0.0183012429273, 0.0114782491521, 0.295933408486, 0.0470969800841, 0.121998048477, 0.00519241210659, 0.0183013364495
0.00722338394229, 0.317930346016, 0.0158810747423, 0.141984426349, 0.00487320495155, 0.0121028383146, 0.00722953083742, 0.317930343983, 0.0158810747423, 0.141984426349, 0.0048728742758, 0.0121064754967
0.0129449374728, 0.261960384728, 0.0656287324853, 0.124872818877, 0.0105704581166, 0.0240223671637, 0.0129451767913, 0.261960385638, 0.0656287324853, 0.124873270781, 0.0105704057666, 0.0240223296947
0.0264566148119, 0.341024016984, 0.0968808282111, 0.021678881371, 0.00831841995075, 0.00564130401971, 0.0264565992456, 0.341024002064, 0.0968808282111, 0.0216787705827, 0.00831843052795, 0.00564130401971
0.0052637494494, 0.341836441464, 0.0912562201313, 0.0321833601507, 0.020052483914, 0.00940774875352, 0.00526389299471, 0.341836455274, 0.0912562201313, 0.0321834971828, 0.0200521818013, 0.00940774875352
0.0150135741119, 0.360874200145, 0.0641231824835, 0.0484371463913, 0.00488631665606, 0.00666626637883, 0.0150138220729, 0.360874200145, 0.0641231824835, 0.0484371860312, 0.00488465672092, 0.00666626637883
0.0249093235491, 0.257924160767, 0.0432039570521, 0.147242724953, 0.00539354749427, 0.0213270164717, 0.0249094421977, 0.257924170868, 0.0432039570521, 0.147242550534, 0.0053923535003, 0.0213267955602
0.00634226115992, 0.39145187531, 0.0322145913439, 0.0640272740122, 0.00246151943337, 0.00350130642758, 0.00634226181549, 0.391451860696, 0.0322145913439, 0.0640272574868, 0.00246388303058, 0.00350131794043
0.0164205074324, 0.30677600715, 0.0727323020511, 0.0742930384332, 0.0116181730142, 0.0181613426303, 0.0164204996494, 0.306775985095, 0.0727323020511, 0.0742938739978, 0.0116181474775, 0.0181578210176
0.0124830449605, 0.237228554203, 0.162832176014, 0.0714883046361, 0.0099047994859, 0.00606314649694, 0.0124827205445, 0.23722879442, 0.162832176014, 0.0714883048608, 0.00990480035311, 0.00606317801101
0.00248796022818, 0.311904792146, 0.017979094232, 0.155369320216, 0.00303152942774, 0.00923161407535, 0.00247891695935, 0.311904711054, 0.017979094232, 0.155369157811, 0.00303219554386, 0.00923161407535
0.019037433347, 0.370219469283, 0.0572659735111, 0.0287876743868, 0.0169723979098, 0.00771819976729, 0.0190374226907, 0.370218426, 0.0572659735111, 0.0287886989623, 0.0169722905973, 0.0077160400343
0.0291486759623, 0.224932569996, 0.175201848881, 0.0392723216262, 0.0236417397656, 0.00780397393519, 0.0291467543655, 0.224932617554, 0.175201850507, 0.0392723216262, 0.0236413518462, 0.00780397393519
0.00315167640166, 0.147438919517, 0.0172800803365, 0.320533111144, 0.00299412931575, 0.00860237483786, 0.00315109458683, 0.147438921988, 0.01728008042, 0.320533080758, 0.00299411765681, 0.00860241303732
0.0119960535568, 0.289114453495, 0.0291196703017, 0.146128082584, 0.00843747178856, 0.0152017919394, 0.0119960267245, 0.289119342036, 0.0291196703017, 0.146128082584, 0.00843747178856, 0.0152018828984
0.014154336357, 0.249097061816, 0.0545992700199, 0.164921747038, 0.0077156820895, 0.00951128993327, 0.0141542346204, 0.249097081367, 0.0545992700199, 0.164921747381, 0.0077156820895, 0.00951259726899
0.0127531084513, 0.278548894876, 0.0265395448787, 0.15640039442, 0.0101745023482, 0.0155830987623, 0.0127538266803, 0.278549089175, 0.0265395448787, 0.15640039442, 0.0101745023482, 0.0155830987623
0.0325194397446, 0.168192364916, 0.0466314199366, 0.216743465599, 0.0207771878968, 0.0151358705053, 0.0325197714244, 0.168192361574, 0.0466314199579, 0.216743465599, 0.0207771878968, 0.0151360449492
0.00851563080446, 0.152587782221, 0.0219385506673, 0.303450879227, 0.00804675688546, 0.00546040158863, 0.00851563024953, 0.152587777284, 0.021938549989, 0.303450881222, 0.00804675688546, 0.00546040297683
0.00601195770371, 0.210976683415, 0.0213262945995, 0.241298139305, 0.010236245786, 0.0101469936521, 0.00601166007969, 0.210976680482, 0.0213262945995, 0.24130742619, 0.010236245786, 0.0101453784016
0.0115551426424, 0.218950715995, 0.0715587700577, 0.154566097124, 0.0151847628176, 0.0282082425978, 0.011558190056, 0.218950543381, 0.0715587700577, 0.154563907716, 0.0151847628176, 0.0281600947374
0.0170123508812, 0.180457182168, 0.103289293029, 0.147108119284, 0.0263520303639, 0.0257793453447, 0.0170118177759, 0.18046109919, 0.103289293029, 0.147108119284, 0.0263520303639, 0.0257793192853
0.0106814901286, 0.237779683384, 0.0597356641711, 0.11247809483, 0.00932441553416, 0.0700004123096, 0.0106815033742, 0.237779720868, 0.0597356605021, 0.112478478173, 0.00932441553416, 0.0700004611912
0.0142335046172, 0.375938970465, 0.0771041753344, 0.0192863529362, 0.00626009500454, 0.00717689523004, 0.014233513758, 0.37593897415, 0.0771041753344, 0.0192863529362, 0.00626009500454, 0.00717689523004
0.0429200996535, 0.251496864677, 0.0429162693007, 0.138086879257, 0.0114630739251, 0.01292785373, 0.0429229125992, 0.251496856604, 0.0429162741059, 0.138086879257, 0.0114630739251, 0.0133029629649
0.0133888476521, 0.23432235065, 0.0356458931865, 0.180529950867, 0.00975763543789, 0.0263668156502, 0.0133650733913, 0.234322483309, 0.0356458969785, 0.18052931117, 0.00975753523331, 0.0263682064736
0.00399478970775, 0.253032009092, 0.0310666790298, 0.189890955476, 0.0160398149144, 0.00597571017813, 0.00399478825103, 0.253032005345, 0.0310666790298, 0.189890955476, 0.0160402579839, 0.00597535551538
0.0186657431748, 0.228560636406, 0.0659359441516, 0.147436640901, 0.02378041701, 0.0156725315015, 0.0186661232095, 0.228560637569, 0.0659359441516, 0.14732835001, 0.02378041701, 0.0156766149048
0.0130700975765, 0.38311367639, 0.0555934170697, 0.0251221573628, 0.0134608311996, 0.00963982193293, 0.0130700979031, 0.383113673, 0.0555934170697, 0.0251221573628, 0.0134608311996, 0.00963982193293
0.0203379554786, 0.198131251136, 0.238756917684, 0.0201191819651, 0.0203642926229, 0.00227924111816, 0.0203379562671, 0.19813148636, 0.2387569205, 0.0201414178069, 0.0203642451898, 0.0022791338713
0.00242539153305, 0.142015567552, 0.0202116514183, 0.321058875039, 0.00672570939045, 0.00754929316768, 0.00245159145117, 0.14201640054, 0.0202116514183, 0.321058865932, 0.00672570939045, 0.00754929316768
0.00341004585222, 0.369883737897, 0.084912030472, 0.0313971097481, 0.00487592944641, 0.00552701682089, 0.00341012426211, 0.369883720901, 0.084912030472, 0.0313853078606, 0.00487592944641, 0.00552701682089
0.00414493622269, 0.235158567925, 0.0383944663796, 0.2158238742, 0.00328278226149, 0.00319530613968, 0.00414509473117, 0.235158556039, 0.0383944663796, 0.2158238742, 0.00328277174473, 0.00319530377721
0.0029667984293, 0.144451552944, 0.034323457718, 0.293936361074, 0.00900571094033, 0.0153156719323, 0.00296678719645, 0.14445154064, 0.034323457718, 0.293937418493, 0.00900571094033, 0.0153155319749
0.00289652097272, 0.138595689898, 0.0207078093007, 0.310529647193, 0.00406680828884, 0.0233382903029, 0.00289667946124, 0.138595685191, 0.0207078095292, 0.310259957015, 0.00406681076197, 0.0233382920849
