0.0035714441203, 0.00286776922287, 0.170347356145, 0.0235271877957, 0.297400471532, 0.00228461904849, 0.00357295602197, 0.00286776922287, 0.170347356145, 0.0235279803203, 0.297400471532, 0.00228461889398
0.00180245157002, 0.00189925950878, 0.278558846364, 0.0226115252709, 0.193285788464, 0.00184213354698, 0.00180245159592, 0.00189925894688, 0.278558846364, 0.0226115220089, 0.193285788643, 0.00184212771719
0.00217960490874, 0.00338342438006, 0.209859875443, 0.0534851506773, 0.227986081872, 0.00310526235236, 0.00218136130465, 0.00338342897695, 0.209859875443, 0.0534845090869, 0.227986081872, 0.00310534368313
0.00225841311481, 0.00308310872247, 0.183118539171, 0.0547166491435, 0.254645762376, 0.0021775223354, 0.00225841742629, 0.00308311156798, 0.183118538328, 0.0547166491435, 0.254645762886, 0.0021775257858
0.00477741218998, 0.00638360276821, 0.240679567084, 0.0975798544521, 0.147704095449, 0.00287542500866, 0.00477741501565, 0.00638363027397, 0.240679591863, 0.0975798952048, 0.147704099057, 0.00287541163361
0.00286318656462, 0.00304602433917, 0.18792282764, 0.0288131044643, 0.275475090365, 0.00188109394438, 0.00286390906436, 0.0030426531388, 0.187922821705, 0.0288131044643, 0.275475090365, 0.00188109394438
0.00391452429571, 0.0027455657503, 0.215441987974, 0.0315673858347, 0.24524829264, 0.00108238165345, 0.00391453152385, 0.00274556512466, 0.215442022085, 0.0315673931822, 0.245248297413, 0.00108205252362
0.00454145341472, 0.00350908949068, 0.199020859708, 0.0570179882183, 0.233909414061, 0.00200123781608, 0.00454135781933, 0.00350921048522, 0.199020859708, 0.057017958036, 0.233909419095, 0.00200115214861
0.00208187392412, 0.0018178305184, 0.259185393387, 0.035305531764, 0.199575382314, 0.00203401003407, 0.00208187325083, 0.00181778674548, 0.259185393387, 0.0353055299182, 0.199575384724, 0.00203401003407
0.00332600729528, 0.00450016328512, 0.264789371518, 0.0236337695958, 0.200386634246, 0.00336404906093, 0.00332600368191, 0.00450017560163, 0.264789395933, 0.0236337909134, 0.200386666065, 0.00336397280467
0.00690471394882, 0.00571093338448, 0.218678096511, 0.0822799537029, 0.182095729439, 0.00432981781214, 0.00690486143502, 0.00571094592633, 0.218678096511, 0.0822799537029, 0.182095729439, 0.00433116818833
0.00256771851366, 0.00179461945493, 0.237044844856, 0.016674289351, 0.238902340371, 0.00301619763092, 0.00256771460954, 0.00179462492449, 0.237044844856, 0.0166742641585, 0.238902343548, 0.00301619772556
0.00509511486454, 0.00807302854336, 0.280783504752, 0.0425955312251, 0.158665072595, 0.00478715968477, 0.00509629677122, 0.00807302330609, 0.280783504752, 0.0425955312251, 0.158665072595, 0.00478715968477
0.00410967413546, 0.00663772619288, 0.286165654521, 0.0457844594655, 0.15459665416, 0.00270797966941, 0.00410969627206, 0.00663776141966, 0.286165654073, 0.0457844541898, 0.154591948318, 0.00270833758381
0.00328081479617, 0.00674637057374, 0.190360889476, 0.038624775603, 0.256882760055, 0.00410396479451, 0.00328089886074, 0.00674631229991, 0.190360893119, 0.0386247772262, 0.256882796668, 0.00410474652649
0.0136705462126, 0.00940916362915, 0.292450120544, 0.141878388158, 0.0350911962503, 0.00750032686134, 0.0136703557344, 0.00940917282879, 0.292450120544, 0.141879168428, 0.0350911139486, 0.00750032686134
0.00182662424875, 0.0123248675087, 0.357565952259, 0.0251470941683, 0.101489433683, 0.00164579977355, 0.00182662576422, 0.0123253214375, 0.357565952259, 0.0251470954401, 0.101489433683, 0.00164579977355
0.00748220522533, 0.00816872535936, 0.204886299093, 0.0973762760712, 0.177093002523, 0.00499355821591, 0.00748220501273, 0.00816863412546, 0.204886299093, 0.0973762483919, 0.177092988674, 0.00499355821591
0.00299688022946, 0.00895088836831, 0.277305369652, 0.0394940172612, 0.167811138466, 0.00344169497254, 0.00299687372465, 0.00895081125734, 0.277305370773, 0.0394940227384, 0.167811139418, 0.00344179313887
0.00313254802458, 0.00583733078895, 0.343337543159, 0.0155030793934, 0.130558101915, 0.00163162580684, 0.00313255519254, 0.00583733014331, 0.343337609711, 0.01550308503, 0.130558116819, 0.00163107401542
0.00502258856736, 0.00488418315895, 0.131402536637, 0.127583530635, 0.227682250512, 0.00342482696636, 0.00502259467729, 0.00488418343986, 0.131402536637, 0.127583693685, 0.227682248119, 0.00342482696636
0.00478414488205, 0.00389083025985, 0.257753031352, 0.0503707331727, 0.178217878682, 0.00498319839604, 0.00478411681467, 0.00389085915161, 0.257753030864, 0.0503707331727, 0.178217879818, 0.00498356343358
0.00308713673565, 0.00971175068728, 0.195900893344, 0.0489933407829, 0.238043829357, 0.00426277595582, 0.00308718253107, 0.00971175534834, 0.195901122744, 0.0489933407829, 0.238043829357, 0.00426304237332
0.0037572509338, 0.00522217560073, 0.326165883651, 0.0223308230181, 0.139665792339, 0.00285806198705, 0.00375726068198, 0.00522218316767, 0.326165883651, 0.0223308356013, 0.139665787381, 0.00285806198705
0.00596838057876, 0.0227952686719, 0.357250403753, 0.043933504502, 0.0665067535849, 0.00354440060922, 0.00597113069322, 0.022795277001, 0.357250403753, 0.0439332949023, 0.0665067535849, 0.00354442836538
0.00468693573651, 0.00317147288666, 0.258131136553, 0.0145844271845, 0.215044132016, 0.00438182074086, 0.00468708257368, 0.00317147235984, 0.258131136645, 0.0145844287754, 0.215044132016, 0.00438182251316
0.00583275051544, 0.00118610649555, 0.210080944817, 0.0096615825232, 0.269846881097, 0.00339215455754, 0.0058327490855, 0.00118614155308, 0.210080944817, 0.00966071072014, 0.26984688006, 0.00339215375932
0.00443059086749, 0.000992564593694, 0.221971581315, 0.0154223733709, 0.250705823133, 0.0064770474949, 0.00443059995995, 0.000992564593694, 0.221971581315, 0.0154224054884, 0.250705820373, 0.0064770474949
0.00393868713201, 0.00302417077556, 0.186828895386, 0.0130495316227, 0.285884624974, 0.00727430997877, 0.00393867648923, 0.00302420426789, 0.186828895386, 0.0130490917811, 0.285884623116, 0.00727428909049
0.00297443089985, 0.00134803759838, 0.136661266302, 0.00715972918319, 0.346503716959, 0.0053531211113, 0.00297441892559, 0.00134804257975, 0.136661266302, 0.00715913688887, 0.346503712138, 0.0053531211113
0.0188445427298, 0.00476351659467, 0.224263536985, 0.0431430324102, 0.172681943624, 0.0363018557737, 0.0188475644612, 0.00476350359076, 0.224263536985, 0.0431431674481, 0.172681943624, 0.0363018557737
0.00331606556609, 0.00693157473952, 0.435188573346, 0.0333455588905, 0.0134046116889, 0.00781344251348, 0.00331634853533, 0.00693159684503, 0.435188573346, 0.0333455929556, 0.0134046116889, 0.0078134498849
0.00595149964482, 0.00365870005505, 0.160129303217, 0.0139044621131, 0.310940485175, 0.00541444362321, 0.00595394716054, 0.00365863209371, 0.160129303217, 0.0139044621131, 0.310940485175, 0.00541427641291
0.00446903244448, 0.0024616570107, 0.167237523268, 0.0249273042343, 0.293320631136, 0.00758382337096, 0.00446903610088, 0.00246165001456, 0.167237523268, 0.0249273646449, 0.293320631136, 0.00758382337096
0.00469360405529, 0.00302645977685, 0.180073940705, 0.0148192101575, 0.289235592164, 0.00815098629643, 0.00469396930479, 0.00302635015966, 0.180073940705, 0.0148193682151, 0.289235592164, 0.00815098629643
0.0127295252993, 0.00564708109248, 0.167880678859, 0.0115404891588, 0.293657035864, 0.00854061783688, 0.0127387053667, 0.00564707451538, 0.167880678171, 0.0115404891588, 0.293657016564, 0.00854060811319
0.00733499450157, 0.00610261611666, 0.190620491333, 0.030749789316, 0.248206223743, 0.0169856987795, 0.007335257023, 0.00610258162702, 0.190620491333, 0.0307499337037, 0.248206223743, 0.0169856987795
0.00773246322017, 0.00198427687636, 0.200921335624, 0.0205120331206, 0.263554189495, 0.00529537468106, 0.00773312869005, 0.00198427461024, 0.200921329904, 0.0205120331206, 0.263554187424, 0.00529537323284
0.00404715583146, 0.000654054283789, 0.152547685549, 0.00704640069515, 0.332938708803, 0.00276596505144, 0.00404716270535, 0.000654055670288, 0.152547685549, 0.00704640547555, 0.332938708803, 0.00276601158353
0.0106161720993, 0.00265873096689, 0.229675085975, 0.00987196661767, 0.241691583663, 0.00548641548231, 0.0106162821744, 0.00265872823938, 0.229675085975, 0.00987196661767, 0.241691566834, 0.0054864153563
0.013982708833, 0.00801580229753, 0.282399714975, 0.0510622372925, 0.126539893202, 0.0179996294771, 0.0139828054107, 0.00801574249951, 0.282399714975, 0.0510622163323, 0.126539892991, 0.0179996417151
0.032861288822, 0.00191949033622, 0.247478275163, 0.041561246151, 0.163470734279, 0.0127089272761, 0.0328613023301, 0.00191947922877, 0.247478293134, 0.0415612979524, 0.163470734279, 0.0127089310479
0.00219518565055, 0.00147164293904, 0.124034825023, 0.00678348469247, 0.362025224581, 0.00348974922784, 0.0021949511398, 0.00147164734502, 0.124034825023, 0.00678348968326, 0.362025224581, 0.00348975011498
0.00453436138889, 0.000659382223093, 0.11112609391, 0.013117749144, 0.364180224287, 0.00638235460554, 0.00453436447093, 0.000659377987835, 0.111125760528, 0.0131177562301, 0.364180224287, 0.0063823509374
0.00580280199188, 0.00249381168797, 0.114484121509, 0.0169075887647, 0.354446846207, 0.00586495795086, 0.00580267201749, 0.00249381212437, 0.114484121509, 0.0169074631975, 0.354446845088, 0.00586495795086
0.00188244598908, 0.00260849880759, 0.46320166325, 0.0137415160548, 0.0111507069727, 0.00741516780458, 0.00188244758535, 0.00260851901721, 0.463201636768, 0.0137415091796, 0.0111507196503, 0.00741516892036
0.00487543580097, 0.00469561367523, 0.434710775458, 0.0183671624576, 0.0273638697123, 0.00998711184461, 0.00487548622099, 0.00469561663148, 0.434710775458, 0.0183671730737, 0.0273638667664, 0.00998711290143
0.0067199570744, 0.00336166571576, 0.200980831593, 0.0152991035139, 0.267877638842, 0.00576066569177, 0.00672020089174, 0.00336167821474, 0.200980831593, 0.0152991223367, 0.267877638842, 0.00576066569177
0.00840092110715, 0.00148287573638, 0.11190769811, 0.00669718673349, 0.365042463345, 0.00645936898897, 0.00840092223016, 0.00148287051131, 0.111907701918, 0.00669718661106, 0.365042463345, 0.00647834136517
0.00843917920357, 0.00113343867525, 0.316074944625, 0.0288935599284, 0.13512613865, 0.0103327547821, 0.00843921895655, 0.00113343867525, 0.316074944625, 0.0288935222874, 0.13512610481, 0.0103327547821
0.00331830645169, 0.0046389539099, 0.290321298531, 0.0198508284734, 0.178360024662, 0.00350963759858, 0.00331831108975, 0.00463893614448, 0.290321161215, 0.0198528777003, 0.178360024662, 0.00350963956125
0.00427306693711, 0.00903432290884, 0.197554947946, 0.050500471893, 0.232862003422, 0.00577111975948, 0.00427360167689, 0.00904190697045, 0.197554936212, 0.050500471893, 0.232862003422, 0.00577114695863
0.00285920096248, 0.00130166928625, 0.203162070251, 0.020239879342, 0.268756570559, 0.00366951381056, 0.00288137842029, 0.00130166928625, 0.203162070251, 0.0202398810907, 0.268756572065, 0.00366952467552
0.00352617302369, 0.00259478196705, 0.188137430873, 0.0165305475232, 0.285065155262, 0.00414769497895, 0.00352617329181, 0.00259476720249, 0.188136309458, 0.0165280993815, 0.285065155262, 0.00414771177631
0.00560497347973, 0.0104826406174, 0.261159497967, 0.0902762125304, 0.120283744603, 0.0121921872525, 0.00560649123058, 0.0104826068048, 0.261159497967, 0.09027622382, 0.120283736476, 0.0121921872525
0.00185028818575, 0.00155486327793, 0.16422825655, 0.0374824719245, 0.292824529747, 0.00205960523688, 0.00185007155006, 0.00155485931897, 0.16422829354, 0.0374824862695, 0.292824529747, 0.00205974465309
0.00335320202879, 0.00465224213695, 0.225762280466, 0.0494729492773, 0.212973224966, 0.00378476859068, 0.00335543565939, 0.00465277695972, 0.225762280466, 0.0494728458916, 0.212973224966, 0.00378476859068
0.00575783679718, 0.00278381090722, 0.468820135726, 0.0120375497898, 0.00262437566466, 0.00797639958398, 0.00575783728923, 0.00278375841049, 0.468820142889, 0.0120374683574, 0.00262437566466, 0.00797630892117
0.00455176246663, 0.00297666227158, 0.454977525666, 0.0272879970078, 0.00409745826828, 0.00610768161331, 0.00455398757769, 0.00297640594927, 0.454977525666, 0.0272875216429, 0.00409766153437, 0.0061078103369
0.00555344643175, 0.00600818209161, 0.267706817902, 0.0322620226967, 0.180404966398, 0.00806500977038, 0.00555334685547, 0.00600752031393, 0.267706817902, 0.032262033068, 0.180404964372, 0.00806487219782
0.00294756947371, 0.0020340954407, 0.270734048767, 0.0196426961925, 0.202232624336, 0.00240895749474, 0.00294757344235, 0.0020340954407, 0.270734048767, 0.0196427088155, 0.202232624336, 0.00240895749474
0.00381271500619, 0.00250254287789, 0.197370419928, 0.00893304493646, 0.282779432085, 0.00459924907294, 0.00381589962632, 0.00250455014527, 0.197370419928, 0.00893303911972, 0.282779432085, 0.00459925518941
0.00498348486154, 0.00396815975955, 0.260859318959, 0.0255135238224, 0.200921372134, 0.00375193427682, 0.00498698307047, 0.00396845852437, 0.2608593054, 0.0255135238224, 0.200921372134, 0.00375256323571
0.0019588775416, 0.00306728958603, 0.258801889035, 0.0105105088983, 0.222477670032, 0.00318378057133, 0.00195887880049, 0.00306729124097, 0.258801889035, 0.0105104778114, 0.222477670032, 0.00318377741624
0.00932990509989, 0.00910699201945, 0.225844497776, 0.0852530204008, 0.133745114768, 0.0367062514595, 0.00935821032062, 0.00910699201945, 0.225844497776, 0.0852530227142, 0.133745120079, 0.0367063755668
0.0019119100016, 0.00179609383525, 0.246230800573, 0.0175048951176, 0.23013400402, 0.00242215761156, 0.00191210196138, 0.00179622902078, 0.246230717898, 0.0175048951176, 0.23013400402, 0.00242219082266
0.00302249392449, 0.00486915032148, 0.18179135441, 0.0573388732297, 0.243611491625, 0.00935453546682, 0.0030465994521, 0.00486915032148, 0.18179135441, 0.0573388821845, 0.243611544531, 0.00935457012273
0.00340555902853, 0.00586468031323, 0.216097361725, 0.0321231578034, 0.23390147176, 0.00860410973329, 0.00340728125663, 0.00587045988963, 0.216097361725, 0.0321231593624, 0.233901481268, 0.00860391613557
0.00184533554809, 0.00179752403944, 0.262744704848, 0.0328000600948, 0.190881717826, 0.00993219792068, 0.00184543149059, 0.00179756597416, 0.262745056201, 0.0328000713664, 0.19087821446, 0.0099321202305
0.00249989516581, 0.00171704355783, 0.434603497655, 0.0189414362097, 0.0371637863351, 0.00507900964425, 0.00249987565273, 0.00171704875398, 0.434603511918, 0.0189414315825, 0.037163802712, 0.00506966081273
0.011119784463, 0.00527989038908, 0.224261617332, 0.0450764939789, 0.197565613109, 0.0166971746786, 0.0111192754294, 0.00527990512064, 0.224261561267, 0.0450758811296, 0.197565613109, 0.0166971899932
0.00564869309562, 0.00150949891585, 0.149485012938, 0.0340819695752, 0.299871837954, 0.00940299687889, 0.00564870436254, 0.00150949891585, 0.149485012938, 0.0340819348944, 0.299871840568, 0.00940299896278
0.00363721299526, 0.00384625391817, 0.221161952297, 0.0441130784316, 0.222664756308, 0.00457676477236, 0.0036371483466, 0.00384625238547, 0.221161951066, 0.0441130784316, 0.22266475565, 0.00457679539781
0.0052987642379, 0.00834602415777, 0.437867674601, 0.0318283910566, 0.00918901123146, 0.00747059188997, 0.00529764702724, 0.00834602415777, 0.437867721309, 0.0318283910566, 0.00918916738528, 0.00747059188997
0.00292269067903, 0.00434776713399, 0.379840824602, 0.0144349082043, 0.0936448109852, 0.00481767220772, 0.00290568643905, 0.0043477445338, 0.379840817913, 0.0144346137261, 0.0936448109852, 0.0048176525901
0.00534010327877, 0.00161529197082, 0.365028120949, 0.008059339549, 0.116113352019, 0.00385592525701, 0.00534014030197, 0.0015910180196, 0.365028113699, 0.00805933895888, 0.116113334677, 0.00385592132075
0.00374703139087, 0.000977980979047, 0.311521508349, 0.0133246868587, 0.165755582077, 0.00467506828122, 0.00374703186821, 0.000974266678747, 0.31152150724, 0.0133246846192, 0.165755583377, 0.00467506828122
0.00574827118446, 0.00236451219044, 0.248232333205, 0.0308211429974, 0.208533436002, 0.00430070717569, 0.00574810836468, 0.00236385143879, 0.248232351465, 0.0308211429974, 0.208533436002, 0.00430070697666
0.00959090184941, 0.00559013623611, 0.344467828094, 0.048039281142, 0.0864900828474, 0.00584705812434, 0.00959100566745, 0.00553955833712, 0.344467810874, 0.0480392760997, 0.0864900141919, 0.00584704653664
0.00315017634416, 0.00230357898694, 0.389445568695, 0.0202329958581, 0.0812174951237, 0.00365192884005, 0.00315026995013, 0.00230001734071, 0.389445568695, 0.0202329762021, 0.0812174951237, 0.00365192884005
0.0139693249466, 0.00713277680487, 0.268895448016, 0.02355695858, 0.177858629171, 0.00859534058574, 0.0139695689891, 0.00711559763592, 0.268895444022, 0.0235569414734, 0.17785862919, 0.00859534058574
0.00576432512039, 0.00249409591989, 0.286987183495, 0.0350223575804, 0.16575070112, 0.00399471314743, 0.00576430041805, 0.00246737256992, 0.286987183495, 0.0350223769218, 0.16575070112, 0.00399468909256
0.00545636265412, 0.00101672894719, 0.345342654375, 0.0126330012973, 0.133633755272, 0.00191765190026, 0.00545637588916, 0.00101637885774, 0.345342654375, 0.0126330053095, 0.133633781222, 0.00191764989945
0.00686391640575, 0.00405234605471, 0.358445751795, 0.0432420695367, 0.082305232997, 0.00512676776193, 0.00686382522548, 0.00397905455449, 0.358445753135, 0.0432421340911, 0.0823052464923, 0.00512790195093
0.00299785991261, 0.00654266570156, 0.433373036579, 0.0390556677353, 0.0131788682495, 0.00485860785359, 0.0029971617991, 0.00653006691779, 0.433373078268, 0.0390556677353, 0.0131788682495, 0.00485845099866
0.00813932420934, 0.0154055896973, 0.424983963909, 0.0193396986026, 0.0248070894501, 0.00736854620109, 0.00812822654792, 0.0153419997107, 0.424983963909, 0.0193397734603, 0.024806659802, 0.00735516450045
0.0076546189891, 0.0071380067853, 0.235412313038, 0.0204255071786, 0.214612597489, 0.0135517215572, 0.00784640103257, 0.00711777779864, 0.237650353522, 0.0204255071786, 0.214612597489, 0.0135525979409
0.0136157308756, 0.00598105104088, 0.239300468498, 0.0173284339965, 0.216732988496, 0.00601975487669, 0.0136657442565, 0.0059718960576, 0.241301721101, 0.0173284339965, 0.216732988496, 0.00602078830968
0.00481272706345, 0.00412036410812, 0.291120832861, 0.0346771140488, 0.161218219332, 0.00405341764746, 0.00481290137937, 0.00411485308297, 0.291120832861, 0.0346771006364, 0.161218219332, 0.00405341764746
0.013121699337, 0.00404412132852, 0.295327745791, 0.0889964796495, 0.0915659168854, 0.00694432776733, 0.0131216620639, 0.00404227108015, 0.295327745791, 0.0889978843784, 0.0915659060305, 0.0069442398971
0.00487274547685, 0.00332754240457, 0.297305917286, 0.0212036357838, 0.167543585407, 0.00574864969968, 0.00487270625594, 0.00332313235934, 0.297305917286, 0.0212039422543, 0.167543582816, 0.00574864297115
0.00638358860349, 0.0118744186363, 0.365553739799, 0.023352793666, 0.0884280412324, 0.00442282079152, 0.00638574677827, 0.0118416089258, 0.365553719629, 0.0233527883385, 0.0884279367664, 0.00442279683303
0.00667852038956, 0.0053807762403, 0.350077777207, 0.0160411427571, 0.117845400146, 0.00397865668254, 0.00667976120744, 0.0053749964693, 0.350077777207, 0.0160411427571, 0.117845400146, 0.00397864879058
0.00332177552252, 0.0101503500317, 0.334374657817, 0.0205511997107, 0.123904389984, 0.00631484267552, 0.0033309075054, 0.0101470506784, 0.337134298858, 0.0205511997107, 0.123904389984, 0.00631493752207
0.0128092516557, 0.00394003293809, 0.274429493262, 0.090700019079, 0.113034989109, 0.00508686102185, 0.0128092410524, 0.00393875667404, 0.274429493262, 0.0907000118158, 0.113034989109, 0.00508686102185
0.00710139154811, 0.00561342228527, 0.236808339239, 0.0378212910107, 0.206943872531, 0.00566216622426, 0.00710143829674, 0.00560889747323, 0.236808339239, 0.0378213963921, 0.206943830777, 0.00576561498275
0.00559328358949, 0.00643546853449, 0.352621353567, 0.030296206405, 0.0995932949244, 0.00548126711196, 0.00559192394936, 0.00639859597994, 0.352621353567, 0.0302962462562, 0.0995932432797, 0.00547776283609
0.00353434546434, 0.00668038495413, 0.457733486318, 0.0194515938835, 0.00783868191499, 0.00478709396302, 0.00353456378854, 0.00662938781612, 0.457733486318, 0.0194516212177, 0.00783868191499, 0.00478667244719
0.00685883362507, 0.0150229833087, 0.380829272575, 0.0580939853316, 0.0289989269859, 0.0102178167746, 0.00685837980314, 0.0149736515782, 0.380829272575, 0.0581003002352, 0.02899889131, 0.0102176858978
0.00228166588599, 0.00550940456712, 0.447748015479, 0.0192877589339, 0.0164771554446, 0.00869895285587, 0.00228178549056, 0.00550249380182, 0.447748003381, 0.0192877534459, 0.0164780578592, 0.00869895285587
0.00759134732844, 0.0176680104744, 0.357780351276, 0.0708603989176, 0.021440232896, 0.0246637150181, 0.00759462145432, 0.0176680009845, 0.357780351276, 0.0708525031668, 0.0214425173907, 0.0246579498176
0.00561869252728, 0.00744043374719, 0.218959848031, 0.0225255700336, 0.243883062395, 0.00156453869561, 0.00563390835429, 0.00744043396963, 0.218959848031, 0.0225258276717, 0.243883301983, 0.00156453456154
0.00442198053994, 0.00552434168944, 0.242645397853, 0.037108823893, 0.208641998448, 0.00161226883598, 0.00451206320715, 0.0055243416523, 0.242645397853, 0.037108823893, 0.208641997886, 0.00161256424851
0.00497612140198, 0.0071652518197, 0.190739337308, 0.0334904083491, 0.261968058262, 0.00166079750086, 0.00497611958379, 0.0071652533787, 0.190739337308, 0.0334904919305, 0.261968058262, 0.00166076489524
0.00580250078493, 0.0110567485836, 0.190922187108, 0.0336620405918, 0.254220796655, 0.00433662317616, 0.00580251012407, 0.0110567107715, 0.190922187108, 0.0336602752656, 0.254220796655, 0.00433662317616
0.00738219078026, 0.0221454758679, 0.124558714431, 0.0798757444019, 0.260834478581, 0.00519175343255, 0.00740563497836, 0.0221454832136, 0.124558714431, 0.0798757665052, 0.260834764431, 0.00519127894624
0.00893448173975, 0.0114908125784, 0.144865716002, 0.0869779420538, 0.243037633543, 0.00469341006372, 0.00893447868009, 0.0114908132437, 0.14486569225, 0.0869779420538, 0.243037667728, 0.00469341006372
0.00360529227698, 0.00316638794299, 0.212157130449, 0.0180435522096, 0.259231432301, 0.00377743077585, 0.00364268340405, 0.00316656359043, 0.212157130449, 0.018043533524, 0.259231432301, 0.00377743077585
0.0035608151624, 0.00843661412149, 0.184707980201, 0.0648561624452, 0.23492310688, 0.00351506961139, 0.0035608124133, 0.00843661542748, 0.184707980287, 0.0648561624452, 0.234923153032, 0.00351552797359
0.00477888521256, 0.00486192653217, 0.178649454075, 0.0781450665868, 0.232046811062, 0.00150965895449, 0.00479526443304, 0.00486197834072, 0.178649454075, 0.0781450307128, 0.232046811062, 0.00150965895449
0.0221633759169, 0.0253002894482, 0.159593317995, 0.132763908399, 0.152269239797, 0.00782738592415, 0.0223305276315, 0.0253002900548, 0.159593317995, 0.132760369618, 0.1522692453, 0.00782873191968
0.00680290356478, 0.0106688538546, 0.217924317132, 0.0492274442563, 0.21013413507, 0.00524089532673, 0.00680288525502, 0.0106690369008, 0.217925881112, 0.0492267193127, 0.210136032889, 0.00524089532673
0.00921908916074, 0.0152592238214, 0.227559804799, 0.0488854514646, 0.190460465559, 0.00852721264284, 0.00936895446035, 0.0152591850014, 0.227559804799, 0.0488881059147, 0.190485720862, 0.00852698151473
0.00932310075996, 0.0125106387188, 0.202138134123, 0.0575318508019, 0.21020966346, 0.0082903464794, 0.00932246262163, 0.012510698452, 0.202138490377, 0.0575172082074, 0.210216855952, 0.00829055004651
0.00338362103885, 0.00614984780572, 0.19031069013, 0.0227735340357, 0.274761245396, 0.00262087042937, 0.00338356087149, 0.00614999966747, 0.190310698754, 0.0227735260792, 0.274761185892, 0.00262121990063
0.0129737444028, 0.0292768640892, 0.110575593325, 0.0133439900547, 0.316356675348, 0.0174119605796, 0.0130960293951, 0.0292768682211, 0.110575593766, 0.0133439900547, 0.316356730184, 0.0174119605796
0.00524866622818, 0.0465136563811, 0.25835817687, 0.0396753344741, 0.145298097489, 0.00490615246821, 0.005248625336, 0.0465136592128, 0.258358024454, 0.0396753571285, 0.145298097489, 0.00490615246821
0.0132083687656, 0.00424007585722, 0.0584570151088, 0.0610005213889, 0.358928856116, 0.00416524805691, 0.0132083698949, 0.00424007501692, 0.0584570151088, 0.0610003505139, 0.358928856116, 0.00416524805691
0.00303448377436, 0.0299511266856, 0.186391471276, 0.0392620969912, 0.238711593497, 0.00264927606887, 0.00303448388294, 0.0299511269816, 0.186391446702, 0.0392620969912, 0.238711521079, 0.00264927606887
0.00366038862855, 0.0113305217588, 0.24138720424, 0.0214227480793, 0.218339542466, 0.00385886597198, 0.00366133379205, 0.0113304634352, 0.24138720424, 0.0214225019361, 0.218341531138, 0.00385769431439
0.011938718562, 0.0155982697971, 0.0953719815248, 0.0558605144375, 0.313409811182, 0.00782071440515, 0.0119386315027, 0.0155983368846, 0.095371981679, 0.0558605144375, 0.313409811182, 0.00782071440515
0.00347108787823, 0.0379372168811, 0.119611244237, 0.0299431279883, 0.303305322759, 0.0057647392509, 0.00347109549249, 0.0379372196549, 0.119611244908, 0.029877639765, 0.303305316708, 0.00576474447746
0.0113125769611, 0.00594423224743, 0.0433345111161, 0.0775410289376, 0.351986121326, 0.00987214562889, 0.0113125797258, 0.00595766903807, 0.0433346308064, 0.0775392493473, 0.351986121326, 0.00987913353931
0.00507396852247, 0.0317803584097, 0.202985611679, 0.025799201481, 0.223870281124, 0.0104912204854, 0.0050739629505, 0.0317805093294, 0.202985611679, 0.0257980765026, 0.223869977351, 0.0104912204854
0.0106694930119, 0.038875085079, 0.139903198744, 0.0708839352634, 0.235024854476, 0.00461981569751, 0.0107165437314, 0.038875119173, 0.139903198744, 0.0708841427215, 0.23502479766, 0.00461981569751
0.00294234536515, 0.003460704926, 0.185738494441, 0.0676662133589, 0.237295517796, 0.00289754590344, 0.00294234257587, 0.00346070359105, 0.185738494441, 0.0676645739026, 0.237295517796, 0.00289754590344
0.00219994889626, 0.0104285824702, 0.263421992359, 0.0340926174368, 0.18614993279, 0.003706751425, 0.00219995326488, 0.0104291656428, 0.263422109181, 0.0340926169567, 0.186149578153, 0.003706751425
0.0031917594612, 0.0174899924934, 0.252001172443, 0.0319833239159, 0.187429006912, 0.00790471359655, 0.00319168051496, 0.0174900293678, 0.252001172443, 0.0319834790762, 0.187428976952, 0.00790469282378
0.00319177771216, 0.0174900158989, 0.252001193376, 0.0319833113817, 0.187428950002, 0.00790472067238, 0.00319169773952, 0.017490053028, 0.252001193376, 0.0319834664827, 0.187428920071, 0.0079047002595
0.0077562701511, 0.0106599447178, 0.169392537237, 0.0304833241002, 0.268237428566, 0.0134687752363, 0.00775781563289, 0.0106598770727, 0.169392573197, 0.0304833241002, 0.268237594857, 0.0134705351317
0.00680465407101, 0.00289148262678, 0.136579717443, 0.0144718373031, 0.330308859713, 0.00894436422318, 0.00680490403364, 0.00289151580075, 0.136579717443, 0.0144721209735, 0.330308645727, 0.00894218064171
0.00847733002726, 0.0103464577113, 0.0980006187759, 0.0335369079888, 0.339354705232, 0.0102813450176, 0.00847736710096, 0.0103580212427, 0.0980001463688, 0.0335366477887, 0.339349107728, 0.0102813450176
0.00797945522588, 0.00690272806074, 0.176069667942, 0.0297667531465, 0.271980053704, 0.00730098973546, 0.00798014254629, 0.00690272672702, 0.176069668124, 0.0297667531465, 0.271980053859, 0.00730100778338
0.0064962475859, 0.0431091175545, 0.322030230031, 0.0738115402566, 0.0369350279842, 0.0176174048038, 0.00649578642566, 0.0431090301107, 0.322030230402, 0.0738116024035, 0.0369350404102, 0.0176187420326
0.0072678295238, 0.021187916595, 0.387094341006, 0.0385668454544, 0.0331184540116, 0.0128147263782, 0.00726750042393, 0.0211879895024, 0.387091233758, 0.0384735410448, 0.0331147833308, 0.0128148389707
0.00349184755036, 0.0179463595689, 0.379986031879, 0.0498781335792, 0.0379153558314, 0.0107575071784, 0.00354615657552, 0.0179464707055, 0.379986031514, 0.0498781284959, 0.0379105195055, 0.0107574576167
0.00542396169702, 0.0266449508996, 0.334294696954, 0.0768566014996, 0.0431850892269, 0.0135953503356, 0.00542400084888, 0.02664610142, 0.334294853985, 0.0768546383327, 0.0431836130901, 0.0135961417103
0.0102980315274, 0.0102365367919, 0.186644871896, 0.0177679484132, 0.270677588824, 0.00437471509628, 0.0102983238867, 0.0102365331107, 0.186644887232, 0.0177679217845, 0.270677590133, 0.00437505130451
0.00740885281329, 0.0114330832155, 0.112685517112, 0.0362795814061, 0.325850054792, 0.00634111432396, 0.00741216879499, 0.0114333236264, 0.112685517112, 0.0362795778781, 0.325850052912, 0.0063411560129
0.0053562723944, 0.0755526528296, 0.172344303116, 0.0217061532828, 0.212139791415, 0.0128997947129, 0.00535800476639, 0.0755528201096, 0.172344303116, 0.0217063180492, 0.212139791415, 0.0128997947943
0.00255464075125, 0.0218815609897, 0.300406657243, 0.046825187569, 0.112703702702, 0.0156173448001, 0.00257642530566, 0.0218815839551, 0.300406657243, 0.046825187569, 0.112703702702, 0.0156173491719
0.0191333043756, 0.00146403598125, 0.000858152401806, 0.0357424246981, 0.434199816598, 0.00859317365806, 0.0191334302439, 0.00146403456256, 0.000858152401806, 0.0357424246981, 0.434217874677, 0.0085931757046
0.0071611971876, 0.0164690315926, 0.23457728911, 0.0548219679754, 0.175607252945, 0.0113650205969, 0.00716063185626, 0.0164690301893, 0.23457728911, 0.0548182373145, 0.175607743041, 0.011365309082
0.0120194991351, 0.0160677496905, 0.0915813831245, 0.138865676665, 0.224856588643, 0.0166151201715, 0.0120197760518, 0.0160678874208, 0.091581342886, 0.138855386328, 0.224854438173, 0.0166151517115
0.00840549113688, 0.0572972743249, 0.185307254268, 0.0348225345748, 0.201597026224, 0.012565556802, 0.0084146683611, 0.0572973568445, 0.185307254268, 0.0348225345748, 0.201597026224, 0.0125660223966
0.0097105694607, 0.00848406729949, 0.166082883652, 0.0417649761987, 0.261972530278, 0.0119842933043, 0.00971223538349, 0.00848415510076, 0.166082883652, 0.0417645719888, 0.261972530278, 0.0119843034041
0.00433316760305, 0.0215135109183, 0.345421659368, 0.0609157563098, 0.0493441597603, 0.0184642147181, 0.00434804271787, 0.021513497888, 0.34542165957, 0.0609157563098, 0.0493441608803, 0.0184644139559
0.00549390187426, 0.0361753744139, 0.294619303319, 0.0986346425102, 0.035641403711, 0.029430669949, 0.00550220352081, 0.0361767683348, 0.294620048221, 0.0986346032514, 0.0356402764508, 0.0294308044428
0.0042055202517, 0.0187736810535, 0.382665774886, 0.0686235138339, 0.0164344895808, 0.00929914919415, 0.00420547564119, 0.0187736674958, 0.382665774886, 0.0686235673252, 0.0164295900924, 0.00929979576003
0.018858977361, 0.0152762054568, 0.182888069274, 0.0432105890222, 0.209833992623, 0.0298910848646, 0.0189408666483, 0.0152761832706, 0.182888069891, 0.0432105890222, 0.209833996963, 0.0298913756036
0.0154181753062, 0.0140296814547, 0.00818784117371, 0.134853374598, 0.279370221603, 0.0481256710126, 0.0154125917445, 0.0140444691087, 0.00818784117371, 0.134853773769, 0.279390145179, 0.0481262138765
0.00757532567399, 0.00959098499369, 0.26496437602, 0.01940107303, 0.191177970985, 0.00728467561708, 0.00758588409143, 0.0095909761603, 0.2649643911, 0.0194010703287, 0.191177972179, 0.00728529982022
0.00386100286092, 0.00669048735864, 0.291561363435, 0.0273166266781, 0.160932283557, 0.00963283855061, 0.00386869826858, 0.00669047261408, 0.291561363435, 0.0273166301327, 0.160935447712, 0.00963278539801
0.0087275651359, 0.00277312831637, 0.190943701137, 0.0181706610945, 0.277452814741, 0.00193201502924, 0.00872761749485, 0.00277312862672, 0.190943722316, 0.0181706431402, 0.277452823377, 0.00193217959184
0.0071611971876, 0.0164690315926, 0.23457728911, 0.0548219679754, 0.175607252945, 0.0113650205969, 0.00716063185626, 0.0164690301893, 0.23457728911, 0.0548182373145, 0.175607743041, 0.011365309082
0.0100352602576, 0.00948096039093, 0.200965841544, 0.0544044033935, 0.213464935506, 0.0115947802876, 0.010143917857, 0.00948350933004, 0.200965841715, 0.0544038369286, 0.213464849373, 0.0115918634162
0.0101241280182, 0.00739475889191, 0.303896852455, 0.0289496125029, 0.1392865656, 0.0103466828739, 0.0101241012082, 0.00739473656544, 0.303896852544, 0.0289499719152, 0.139286502532, 0.0103492348937
0.00934152855714, 0.00311036768366, 0.323633977103, 0.0137960595159, 0.146460837469, 0.0036523912564, 0.00935161346648, 0.00311040279346, 0.323633977288, 0.0137959808702, 0.146460840482, 0.00365202351551
0.00780765452861, 0.00236352862893, 0.210993364994, 0.01844466126, 0.258509887692, 0.00188087596352, 0.00780765301431, 0.00236354017138, 0.210993365081, 0.018444663311, 0.258509888524, 0.00188091683049
0.00530934398323, 0.0158203683234, 0.324444497613, 0.018560800113, 0.130240898212, 0.00560980758533, 0.00533865812696, 0.0158202467248, 0.324444497613, 0.018560781332, 0.130241171435, 0.00560892893665
0.00525464534198, 0.00922429685012, 0.288667664136, 0.0328652365098, 0.159439407217, 0.00455327528213, 0.00525464558557, 0.00922467947259, 0.288667664136, 0.0328558034501, 0.159439406736, 0.00455327528213
0.0072989080209, 0.00769770713602, 0.271559036874, 0.0252032153493, 0.178426536555, 0.00974631415736, 0.00742873488217, 0.00769772145535, 0.271559036874, 0.0252099287178, 0.178426536555, 0.0097463234236
0.00117437951876, 0.00340221286655, 0.482659036029, 0.00868552783732, 0.00157596239016, 0.00250325005195, 0.00117438269508, 0.00340285578042, 0.482659036029, 0.00868413596115, 0.00157597078771, 0.00250325005195
0.00192785714249, 0.0050110337796, 0.462060691834, 0.0214904496942, 0.0049110079752, 0.00459879559691, 0.0019278590575, 0.00501284083669, 0.462060695606, 0.0214904381222, 0.00490953475787, 0.00459879559691
0.00430330916131, 0.0104855809711, 0.447274835686, 0.0166433719578, 0.0100260516807, 0.0112666314958, 0.00430244274307, 0.0104859265859, 0.447274835686, 0.0166444701468, 0.0100261719953, 0.0112663718901
0.00233946524187, 0.0155865488967, 0.342914566589, 0.0232719422289, 0.106290611153, 0.00959342940522, 0.00233950172911, 0.0155871636472, 0.342914566591, 0.0232719922687, 0.106290597312, 0.00959961493711
0.00827020833445, 0.0188486288012, 0.217514368967, 0.059905514912, 0.171615706213, 0.0238417997828, 0.00827274894196, 0.0188486660222, 0.217514368967, 0.0599103374135, 0.171615706213, 0.0238419454332
0.0227173668162, 0.0114900148761, 0.246485271992, 0.0500156873317, 0.163899987805, 0.00529612009956, 0.0228836318566, 0.0115146629529, 0.246485271992, 0.0500157038222, 0.163899998289, 0.00529628216659
0.00296619113492, 0.026038906889, 0.332119829641, 0.0436291225889, 0.0593596911942, 0.0359204604981, 0.00289672256761, 0.026039668173, 0.332119829641, 0.0436290693848, 0.0593596911942, 0.0359208170941
0.0116393882435, 0.0114776848446, 0.194473639787, 0.0571892544899, 0.198968654392, 0.0262278728637, 0.0116847625939, 0.0114776618648, 0.194473758687, 0.0571890866055, 0.198968661183, 0.0262295744452
0.00890534588216, 0.00716740575143, 0.240911560649, 0.0482651359512, 0.184982602479, 0.00976465505722, 0.00891190417615, 0.00716750102285, 0.240911560303, 0.0482651258313, 0.184982568723, 0.00976463417379
0.00550291338669, 0.00474173809921, 0.195279558527, 0.0440989132834, 0.224055169536, 0.0263218987599, 0.00550249121575, 0.00474176924637, 0.195279558527, 0.0440989263107, 0.224055169536, 0.0263218935716
0.0091659739879, 0.0149658831347, 0.300957299431, 0.0488982198445, 0.0635474261216, 0.0624416267408, 0.00920089734257, 0.0149668770115, 0.300957299794, 0.0489094797849, 0.0635474107426, 0.0624416060641
0.00863688084686, 0.0151240207486, 0.324058455051, 0.029103697883, 0.111805532205, 0.011268866888, 0.0086356126765, 0.0151239820445, 0.324058455051, 0.0291057887476, 0.111806928959, 0.0112717788986
0.0203993187169, 0.0121707046173, 0.29202231084, 0.0284025278956, 0.0861734295992, 0.0608291177314, 0.0204000375731, 0.0121724746918, 0.292024263374, 0.0284023488518, 0.0861728267022, 0.0608306394068
0.0031302040243, 0.006003129385, 0.465083235946, 0.00962906728369, 0.00619349667361, 0.00995584764493, 0.00312972662319, 0.00600308860111, 0.465083235946, 0.00962824219826, 0.00620398416575, 0.00995674150808
0.00799959878405, 0.00558713137714, 0.31666297885, 0.0319140220086, 0.131828787378, 0.00601254859618, 0.00799955462384, 0.00558713124219, 0.316663100583, 0.0319049161112, 0.131828787378, 0.00601144306727
0.011030453454, 0.00462380917214, 0.245619572209, 0.0391262478308, 0.192314777097, 0.00728425357217, 0.0110304743462, 0.00462548670819, 0.24561969861, 0.0391262478308, 0.192314725598, 0.00728425357217
0.00465202218253, 0.00849916102371, 0.379525554399, 0.010087393775, 0.094769342501, 0.00246591911803, 0.0046520059871, 0.00849915974507, 0.379525554399, 0.0100874220082, 0.094769411567, 0.00246705329404
0.0405371838571, 0.013911044451, 0.217131893167, 0.0994339915511, 0.107507439882, 0.0214784265187, 0.0405371749506, 0.0139110450937, 0.217131893167, 0.0994340427252, 0.107507439882, 0.021478424755
0.00517633528464, 0.000871309698485, 0.363361054931, 0.0151611463601, 0.1107406811, 0.00466285944468, 0.00522955111877, 0.000871307067017, 0.363361054931, 0.0151611463601, 0.110740679327, 0.00466287437766
0.00871248355443, 0.00890855885365, 0.287269346985, 0.0194180544304, 0.165150310408, 0.0105408313343, 0.00871248719666, 0.0089085589561, 0.287269347361, 0.0194180544304, 0.165150944693, 0.0105410217961
0.00951476078038, 0.00794404673284, 0.2736657053, 0.0395254448605, 0.160996159031, 0.00835389359629, 0.00951474227153, 0.00794404776854, 0.273665645457, 0.0395255015734, 0.160996159031, 0.00835389359629
0.00548342460228, 0.0308322828382, 0.275063604363, 0.0737281264134, 0.105910205723, 0.00898199774849, 0.00548342282298, 0.0308331530988, 0.275063604363, 0.0737281264134, 0.105910205723, 0.00898184589109
0.00502353013128, 0.0210939642653, 0.381309326902, 0.0452021596607, 0.0340429470312, 0.0133346558906, 0.00502246424273, 0.0210939201393, 0.381309816093, 0.045192805499, 0.0340429470312, 0.013331463114
0.00486869648356, 0.0231517465412, 0.347189866481, 0.047023410746, 0.0525677077766, 0.0251864821875, 0.00489267782039, 0.0231524902374, 0.347189866481, 0.0470228652813, 0.0525677077766, 0.0251864821875
0.00274387525785, 0.0162768092864, 0.432265444553, 0.0263452855043, 0.016957046647, 0.00541186182124, 0.00274365795267, 0.0162767970716, 0.432265011168, 0.0263453022693, 0.016957046647, 0.00541186182124
0.0102892325701, 0.0164735200486, 0.253462442543, 0.0139918601547, 0.199168058138, 0.00661485300085, 0.010289237985, 0.0164735812426, 0.253462443023, 0.0139918601547, 0.199168058138, 0.00661485300085
0.00489653675624, 0.0102276138428, 0.292221345085, 0.0553687038306, 0.126178149069, 0.0111077147518, 0.00489652115154, 0.010227611325, 0.292221226205, 0.0553687141632, 0.126178149069, 0.0111077147518
0.00364491758829, 0.00608307039098, 0.318304757299, 0.0707364065241, 0.0988248782391, 0.00240528584657, 0.00364498185406, 0.0060830704682, 0.318304757299, 0.0707378032296, 0.0988248782391, 0.00240519302208
0.0171407775376, 0.0166330503911, 0.307949929559, 0.0296593768298, 0.104986582465, 0.0235894102539, 0.0172012721563, 0.0166552829902, 0.307949929559, 0.0296583955405, 0.104986582465, 0.0235894102539
0.0105374279644, 0.00645108402829, 0.259348844085, 0.0192603584261, 0.189221644963, 0.0151807305515, 0.0105373780625, 0.00645108156332, 0.259348844085, 0.0192602858542, 0.189221589866, 0.0151807305515
0.00887629681213, 0.0139227515202, 0.276998484761, 0.0276914321971, 0.144965317427, 0.0275580257353, 0.00887512479056, 0.0139227387004, 0.27699848188, 0.0276911073945, 0.144942213046, 0.0275580257353
0.0335984733697, 0.0136385136474, 0.00666232145956, 0.062777627004, 0.327607860293, 0.0557151231317, 0.0335986354678, 0.0136385068685, 0.00666232145956, 0.062777627004, 0.327607860293, 0.0557151300022
0.00894982507061, 0.00840304994646, 0.285681180742, 0.0502004027005, 0.125384778496, 0.0213807903571, 0.00895002559022, 0.00840304969773, 0.285681180742, 0.0502001917098, 0.125384778496, 0.0213807464501
0.00662798968043, 0.0159102137555, 0.278584661338, 0.0127942946343, 0.180949150649, 0.00513367804274, 0.00662798945772, 0.015910210601, 0.278584661338, 0.0127943044075, 0.180949150649, 0.00513369544759
0.00702002528632, 0.0285876833413, 0.135495663219, 0.102822108861, 0.0925928275354, 0.13349535184, 0.00701902816624, 0.0285876805003, 0.135495662856, 0.102821504218, 0.0925671123366, 0.13349535184
