0.225486025532, 0.00233899592988, 0.00241188773454, 0.000872601090011, 0.0139705766182, 0.477921902225, 0.0361051038713, 0.0132669610383, 0.00567291329384, 0.216816467311, 0.00235229919295, 0.00278426616232
0.195193034877, 0.00318991838448, 0.00112200282771, 0.00252149659927, 0.0149207471007, 0.415876185466, 0.0530499817283, 0.0177870651434, 0.00379818699222, 0.287704607025, 0.00302350783118, 0.00181326602576
0.313419786261, 0.00296544913703, 0.00169615886785, 0.00326214869862, 0.0129323396523, 0.431270396403, 0.0437442530721, 0.0358864630911, 0.00374430507245, 0.145727369946, 0.00152526439583, 0.00382606540257
0.18365878272, 0.00584238856611, 0.00620919880341, 0.0125794187658, 0.0482064682748, 0.276413216378, 0.138160557295, 0.0657788209466, 0.0100062444077, 0.244861929762, 0.00541595221462, 0.00286702186636
0.247506765533, 0.00448885816191, 0.00327317595565, 0.0034858690239, 0.0224058229139, 0.447533795343, 0.0639282808176, 0.0385561021691, 0.00621355049285, 0.154373336677, 0.00457393692735, 0.00366050598448
0.196034153767, 0.00242991904989, 0.00247095780608, 0.00226485066706, 0.0205578478947, 0.482662253049, 0.0897167982127, 0.0324416227958, 0.00265784540664, 0.163932777918, 0.00264425986949, 0.00218671356333
0.209112999144, 0.00414389515574, 0.00190462539036, 0.00171441297948, 0.0235753770009, 0.475345217612, 0.0644814207142, 0.0569785411127, 0.00372959934349, 0.153102164442, 0.00383335073623, 0.00207839636911
0.273424036977, 0.00664291198073, 0.00290815352103, 0.00326835712194, 0.0261219016398, 0.454324462312, 0.0219804605614, 0.0378814850079, 0.00482540891347, 0.163141415749, 0.00290632628456, 0.00257507993115
0.300672960403, 0.00516104536704, 0.00347517415689, 0.00362859406169, 0.0204778575494, 0.376615283172, 0.00937270353215, 0.016969476415, 0.00290404447305, 0.252801997197, 0.00441056804846, 0.00351029562446
0.217535570274, 0.00309280210592, 0.00331231265285, 0.00687499309065, 0.0268951595653, 0.440400431433, 0.0810225182209, 0.068471238905, 0.00950061568378, 0.133181858162, 0.00515442120181, 0.00455807870559
0.333971711479, 0.00282290930255, 0.00122771943182, 0.00139763681526, 0.0123898786715, 0.400815835704, 0.0695739146675, 0.0172497569767, 0.0026580596011, 0.15286455714, 0.0026215012059, 0.00240651900523
0.386305707991, 0.00407709186317, 0.00250777743866, 0.00419383779308, 0.0240473676549, 0.397516008419, 0.0173907059773, 0.0207427442625, 0.00813669151403, 0.127359091592, 0.00239132619288, 0.00533164930151
0.24631675581, 0.00188482241488, 0.00163726765187, 0.00332831883091, 0.0291335087532, 0.517173464123, 0.05332200734, 0.0307063543034, 0.00638762872212, 0.103344670984, 0.00337195936026, 0.00339324170574
0.20496553313, 0.00461604363283, 0.00207516026298, 0.00133759589633, 0.0156741032373, 0.42792257659, 0.0640379755971, 0.0102172098924, 0.00809874469996, 0.254570971622, 0.00338911820342, 0.00309496723613
0.373827641983, 0.00542510889422, 0.00363063503872, 0.0044153503707, 0.0318736288168, 0.217415971003, 0.0520472154345, 0.132386304019, 0.0100153519209, 0.159679622025, 0.00498865383236, 0.0042945166622
0.327834917691, 0.00447820971117, 0.00528976947705, 0.00408085934136, 0.0146639998173, 0.280005767871, 0.0947535062665, 0.0757998699712, 0.0146462087063, 0.170863734872, 0.00426476757802, 0.0033183886972
0.215708734913, 0.0046274404312, 0.000944251432168, 0.00287854990948, 0.0262499224142, 0.367583985902, 0.0723486414083, 0.0721111061066, 0.00447435714368, 0.22436193061, 0.00444573145844, 0.00426534827063
0.320005537458, 0.0110232340078, 0.00280882152766, 0.00333561536251, 0.0119341891346, 0.16553741156, 0.0322336843586, 0.0367565258676, 0.0100225168383, 0.395326419934, 0.00718778398395, 0.00382825996726
0.276492285178, 0.00542110926331, 0.00107838696136, 0.0011898765236, 0.014452934607, 0.323621738083, 0.0782081124589, 0.0123934441306, 0.0037881342477, 0.275607160643, 0.00599011649413, 0.0017567014092
0.31261331768, 0.00317383150148, 0.00212106064213, 0.00226593735244, 0.0300877851772, 0.485795452249, 0.0907730628289, 0.0665825466469, 0.0016876891757, 0.000962700004089, 0.0012537202971, 0.00268289644449
0.24184760132, 0.00280882069808, 0.00212866056755, 0.00248588796951, 0.0240027308454, 0.395662009584, 0.0697945966987, 0.0861057929235, 0.00341453842236, 0.164950415427, 0.00384623178857, 0.00295271375502
0.284538742088, 0.00517081584647, 0.00568710894596, 0.00350664584642, 0.0190162674693, 0.425151557338, 0.0590493393078, 0.0390907487137, 0.00211222695093, 0.147276724807, 0.00533233184037, 0.00406749084581
0.223525988831, 0.00452636892754, 0.00195164087257, 0.00290868046903, 0.0265840815885, 0.522523893816, 0.0401795855209, 0.0308081838811, 0.00197285006446, 0.135822341238, 0.00670283279561, 0.00249355199474
0.299828556086, 0.00613813008288, 0.00416599009638, 0.00335702968441, 0.020383160289, 0.36319090824, 0.0624423369833, 0.045719372733, 0.0121117545062, 0.170637891692, 0.00530009191919, 0.00672477768737
0.196512283096, 0.00553214739168, 0.00653214551361, 0.00221106018497, 0.023322425322, 0.506245233303, 0.0896064013177, 0.0413182607333, 0.0055094912264, 0.116635616686, 0.00350462604666, 0.00307030917888
0.339429969282, 0.00506143583396, 0.00146169092461, 0.00101138786598, 0.0061694797931, 0.400798786058, 0.00766176389385, 0.00815670620695, 0.0171096988625, 0.206740912319, 0.00304562013657, 0.00335254882411
0.295510166528, 0.0116359552212, 0.000851998413944, 0.000564416954798, 0.0080238709703, 0.34878064916, 0.00655013900185, 0.0197606450302, 0.0174255002469, 0.281925290713, 0.0062283615122, 0.00274300624716
0.263223664233, 0.00310046197299, 0.00144684579208, 0.00108375050161, 0.0103332264998, 0.381312668507, 0.010780337175, 0.0148870941039, 0.0212467357108, 0.282883858156, 0.00663552691746, 0.00306583043018
0.208539025467, 0.0168656586113, 0.00240789882641, 0.00160245262847, 0.00918546857254, 0.319269983389, 0.0165983511683, 0.0501526478264, 0.0254285186994, 0.342782290353, 0.00448333986554, 0.00268436459351
0.227476002622, 0.00655808348674, 0.00437385975745, 0.00450226155986, 0.0238560390618, 0.307159343592, 0.0119947004982, 0.0312475646429, 0.021732868689, 0.336646324336, 0.0154437950896, 0.00900915666468
0.43700614914, 0.00311186928452, 0.0038205553171, 0.00162643957445, 0.0175662133796, 0.26215873395, 0.00307188513741, 0.0299622319248, 0.0204755693239, 0.203976704567, 0.00696310297064, 0.0102605454303
0.279686193574, 0.00807360595592, 0.00197233410681, 0.000906084608482, 0.0188863756779, 0.363171379963, 0.00474603359579, 0.0437537340048, 0.0181741176926, 0.249504208733, 0.00784147529309, 0.00328445679449
0.446375450861, 0.00303214327369, 0.00165561045767, 0.00107484774893, 0.0182083853742, 0.177983536786, 0.00897008250462, 0.029608550244, 0.0153178727359, 0.281584950051, 0.0107535365735, 0.00543503339041
0.37688126569, 0.0100371805796, 0.00569833512494, 0.0031549274296, 0.0496651044988, 0.338574935974, 0.0043114962186, 0.0266266228773, 0.0255484255962, 0.150138446775, 0.00413291522411, 0.00523034401187
0.243887411912, 0.0101128201052, 0.00374897619469, 0.00309631622081, 0.0195043099755, 0.415176417364, 0.0143475923971, 0.0482820705774, 0.0271809619657, 0.201063190892, 0.00652220432574, 0.00707772806905
0.223265676224, 0.0164011366472, 0.0104598520177, 0.00397993681417, 0.00836498807361, 0.32514970254, 0.0199874633707, 0.0381988576459, 0.0391771187788, 0.303248235911, 0.00599549697487, 0.00577153500155
0.245335050211, 0.00736821243561, 0.00221075096777, 0.00225530155566, 0.0178737787314, 0.373214029545, 0.00441577890728, 0.0246991151604, 0.024612142472, 0.284098573196, 0.00874632300395, 0.00517094381428
0.354451899372, 0.00439913855351, 0.00110977506117, 0.0018591874347, 0.0243516502875, 0.19185219008, 0.00704909440079, 0.0240814948254, 0.0195265091575, 0.355593274483, 0.0112402570499, 0.00448552929546
0.390008302011, 0.0205980325681, 0.0017683829228, 0.00189614090486, 0.0635445734502, 0.247520301761, 0.00578515560878, 0.0358248012539, 0.0321273789095, 0.182428685293, 0.0134201389334, 0.00507810638327
0.275055481668, 0.00627603002149, 0.00238003808486, 0.00178662293037, 0.00513225324728, 0.461169082729, 0.00845199659286, 0.0107405326565, 0.0176161222033, 0.203587493206, 0.00445779365609, 0.00334655300362
0.339861017288, 0.0224027949252, 0.00433227463983, 0.00287987822493, 0.00698773646817, 0.391533055859, 0.011822354752, 0.0131776353235, 0.0156445939667, 0.186681963469, 0.00194277166178, 0.00273392342172
0.245355511411, 0.00712908315756, 0.00167009522146, 0.00109873374997, 0.0143461403328, 0.373340722166, 0.00691834507565, 0.0350933502342, 0.023219981569, 0.283117611392, 0.0047778452975, 0.00393258039285
0.415924528578, 0.00900948292278, 0.00099793058154, 0.000655757514246, 0.0153999307185, 0.143863470158, 0.00830746433614, 0.0239393612522, 0.0237601295128, 0.348937488075, 0.00556420151741, 0.00364025483308
0.301400175359, 0.0152649534437, 0.00103453435046, 0.00110378010141, 0.0188053697292, 0.27168042083, 0.00510389924354, 0.0251513840758, 0.0208838936743, 0.330677578899, 0.00351955340581, 0.00537445688753
0.645156546854, 0.00316595796703, 0.0042354403935, 0.00222230765008, 0.0115413086227, 0.0841655930802, 0.00283818156513, 0.0237853296127, 0.0129223878319, 0.203440224019, 0.00396467092437, 0.00256205148013
0.295029817935, 0.00693637404422, 0.00386824073516, 0.0024549290749, 0.0126951277263, 0.265114772759, 0.009004857001, 0.0392555390434, 0.0186579506792, 0.338927503891, 0.00422335751852, 0.00383152959275
0.302695942865, 0.0159697001261, 0.0031048543271, 0.00236274004995, 0.0135454850854, 0.395484786347, 0.00946139364081, 0.0176312685789, 0.0108861386538, 0.223199473483, 0.00383769689454, 0.00182051994895
0.191155233076, 0.00310269954463, 0.00144796574968, 0.00131826829698, 0.00590994146058, 0.275115400442, 0.00876180030946, 0.0327272982361, 0.0281225884571, 0.447282666504, 0.00309164455146, 0.00196449337248
0.45881925402, 0.0050392508037, 0.0020337438705, 0.00180557233479, 0.0111048452774, 0.109896694568, 0.00948987777683, 0.0233518552272, 0.053838795163, 0.310985974599, 0.0100021517252, 0.00363198463414
0.335965065663, 0.0136803543504, 0.00171285709951, 0.00137003031098, 0.0109721156921, 0.256454900903, 0.0082801663082, 0.0132780906581, 0.0254378086771, 0.324162902411, 0.00503711902041, 0.00364858890678
0.35509834633, 0.00745574302619, 0.00177269981938, 0.00614084144533, 0.0238465707214, 0.348369951916, 0.0521830015263, 0.0143456171952, 0.00748469299509, 0.1754317204, 0.00386611830191, 0.0040046963238
0.351721720593, 0.0103612690097, 0.00311920552999, 0.00693530876663, 0.0138787060056, 0.275720048147, 0.0490829930679, 0.0111786429486, 0.00687682229597, 0.255698159192, 0.00840246289325, 0.00702466154998
0.342632644264, 0.0118541349418, 0.00186507725291, 0.00417599002704, 0.044183596857, 0.420941155027, 0.0146086758712, 0.0301063522416, 0.0173896026638, 0.103289773216, 0.00427780211986, 0.00467519551814
0.494245950647, 0.0088678476402, 0.00398223426808, 0.00336158895733, 0.0153854495133, 0.229504791699, 0.0196602537079, 0.015581545111, 0.00473940267881, 0.197450501657, 0.00334063374986, 0.00387980037035
0.292839723665, 0.00345429076666, 0.0015857727438, 0.00325145781322, 0.0218030873107, 0.446336447974, 0.0538733720337, 0.0154427619195, 0.004890756223, 0.149140651466, 0.00440249346965, 0.00297918461532
0.307314634859, 0.0061473069458, 0.00425715601877, 0.00399552941547, 0.0633496653527, 0.370699072994, 0.118810419553, 0.0257867311402, 0.0104374019943, 0.0737057816291, 0.00369308397159, 0.0118032161264
0.341480472393, 0.0243376070754, 0.00647640379848, 0.0085573383773, 0.0604939062656, 0.296778803346, 0.0781412031255, 0.0312772063367, 0.012448577001, 0.133074875602, 0.00301873365109, 0.00391487302747
0.216591073691, 0.0148774806832, 0.00583831877037, 0.0111482389878, 0.0488101267305, 0.344598470481, 0.11610335514, 0.0205421741441, 0.00972036439487, 0.198110309426, 0.0068115004778, 0.00684858707352
0.192996329949, 0.0055417974027, 0.00560359831681, 0.00803496803366, 0.0434692673433, 0.473805002331, 0.0323463234695, 0.0187707720182, 0.00668673541627, 0.198694805674, 0.00616227637631, 0.00788812366832
0.364005111424, 0.00369272071713, 0.00320389560252, 0.00409683476766, 0.0480299878318, 0.357409164089, 0.0253391541897, 0.0484771637651, 0.0182472400331, 0.114506822521, 0.00615310931724, 0.00683879574217
0.308520906435, 0.0045282233255, 0.00178322348278, 0.00215593434702, 0.0238907940424, 0.400593597989, 0.0385272014707, 0.0160830680829, 0.00385854480681, 0.189673456401, 0.0050000390313, 0.00538501058514
0.328522956062, 0.00313796511891, 0.00141642419616, 0.00294196283059, 0.0256872063969, 0.481248100277, 0.00765123287411, 0.0198641999354, 0.00991052812323, 0.111530905847, 0.00471238400687, 0.00337613433076
0.359599596151, 0.00279506255717, 0.00130740406409, 0.00233960764866, 0.0246445529109, 0.386031931489, 0.0366968751129, 0.0161954577317, 0.0116660786858, 0.148920761631, 0.00434590942419, 0.00545676259338
0.291414219748, 0.00851945783854, 0.00934707645504, 0.00631166620884, 0.0238702042178, 0.36618787259, 0.100635140535, 0.0402992443701, 0.00424467210993, 0.126686940019, 0.0157099528566, 0.00677355305043
0.488797653058, 0.015629101291, 0.00214319189882, 0.0114784521708, 0.0341752715706, 0.224225291242, 0.0377527081411, 0.0443989136595, 0.0479591148185, 0.0802452900513, 0.00743310216887, 0.00576190992909
0.424314927659, 0.00704177128979, 0.00255399921368, 0.00754952614443, 0.0349170353049, 0.244429684103, 0.0329963069991, 0.015140329237, 0.0162683227271, 0.190425949909, 0.0159427583633, 0.00841938904901
0.356923145395, 0.0187376883805, 0.0044226068426, 0.00509925430364, 0.0472675504719, 0.260296950573, 0.113778028778, 0.0490648980457, 0.0110834027023, 0.117524575937, 0.00646511507747, 0.00933678349343
0.309813957768, 0.0105768785629, 0.00211121057711, 0.00257717154203, 0.0147682643461, 0.360343695721, 0.0288358166794, 0.0168497398375, 0.00539335866623, 0.239681831037, 0.00443418610075, 0.00461388916143
0.142642912475, 0.0082291381499, 0.00314982684112, 0.00214248385214, 0.0375124390603, 0.535043450889, 0.0561860285498, 0.031386573657, 0.0165310924011, 0.158387985055, 0.00517272741783, 0.00361534165194
0.413550711826, 0.0108173643621, 0.00307499242011, 0.00584967506519, 0.0111182474022, 0.376908017613, 0.0220786130124, 0.0161215075996, 0.00740063986215, 0.124665248005, 0.00383417421833, 0.00458080861363
0.429173723629, 0.011947723573, 0.00206832213206, 0.00229601506248, 0.0114044261403, 0.393925302567, 0.0224191575089, 0.0155601709936, 0.00405155731047, 0.102051253907, 0.00245147730356, 0.00265086987272
0.324406585547, 0.00673291734302, 0.00394116899583, 0.00699284303234, 0.0335843008121, 0.352543746762, 0.0695808793188, 0.0232592395021, 0.0149388863371, 0.150691193931, 0.00502737410684, 0.00830086431185
0.311180956138, 0.00870901263801, 0.00335924366987, 0.00475573661497, 0.0463350676618, 0.362858952287, 0.0643778154327, 0.0242992668025, 0.0132323985838, 0.148867691742, 0.00547040314375, 0.00655345528484
0.308660321391, 0.00578441411031, 0.0020391720646, 0.00174713726267, 0.0334787121401, 0.465978320656, 0.04573890078, 0.0124748413123, 0.00291825517874, 0.112894659514, 0.00454921050741, 0.00373605508359
0.298959431591, 0.0062797040839, 0.00278562579939, 0.00587738392525, 0.0471650289906, 0.389751837135, 0.0367420668127, 0.0530693654324, 0.0137070517554, 0.130911384511, 0.00680069632378, 0.00795042363989
0.179649509685, 0.00503695655467, 0.00495022416925, 0.00193096509358, 0.016407580257, 0.607393559905, 0.0372763972398, 0.0266216836841, 0.00268291170906, 0.11226149945, 0.00262022192541, 0.00316849032777
0.19291232755, 0.0171207018333, 0.00526459384829, 0.00483037437945, 0.0310277594901, 0.471552843532, 0.0715363408239, 0.0385015144757, 0.00503746522863, 0.14612097585, 0.00976030505536, 0.0063347979329
0.331503531582, 0.0115819324425, 0.0033251772543, 0.00451773378048, 0.0326741166129, 0.395313508436, 0.0286713540723, 0.0937235330822, 0.00978201453663, 0.0787430127587, 0.00266369726689, 0.00750038817475
0.294864240111, 0.0149470192396, 0.00142321250863, 0.0034287170159, 0.0479270362804, 0.35456000793, 0.0426263895079, 0.045731448212, 0.00373159697845, 0.183947466642, 0.00374977692053, 0.00306308865392
0.265658811186, 0.017747178788, 0.00467255304812, 0.00160486058474, 0.0627092080675, 0.312982037134, 0.0721175757973, 0.0128907633394, 0.00651796458483, 0.232470770937, 0.00422102253056, 0.00640725400253
0.327102659225, 0.0171775039362, 0.00153853036294, 0.00381149521512, 0.0466565958897, 0.326739516016, 0.0999424367146, 0.0055055275641, 0.00462336660993, 0.157021900177, 0.00504157744773, 0.00483889084042
0.378812489248, 0.00759037932507, 0.00232019722184, 0.00580722372823, 0.0513355958962, 0.283820449574, 0.0353096013379, 0.0254240790493, 0.0108954589466, 0.19085694099, 0.00368632197965, 0.00414126270345
0.292077321042, 0.0199460938994, 0.0164967006683, 0.060239695565, 0.143214845313, 0.20169128417, 0.0332003733986, 0.0397272330096, 0.00880475963584, 0.122606912125, 0.0150945601724, 0.0469002210019
0.193984528549, 0.0457996429844, 0.0219233868008, 0.0166536830388, 0.0462918680435, 0.337788746275, 0.0345923656797, 0.0716004494353, 0.0183789402283, 0.174422265023, 0.02331944601, 0.0152446779319
0.263895082826, 0.00390048623653, 0.00589484203507, 0.00679304813844, 0.0370240118321, 0.553660825431, 0.0413155368009, 0.0138796703386, 0.00347264431467, 0.0559992701319, 0.0076243041253, 0.0065402777896
0.194070771436, 0.00441508335596, 0.00617941109452, 0.0058537241425, 0.0329660616882, 0.631598725807, 0.0585605043621, 0.0111979443641, 0.00522466724371, 0.038426013603, 0.00618158767426, 0.00532550522826
0.193061225034, 0.00939740755055, 0.00664809501092, 0.0072218633316, 0.0678051576532, 0.471674511365, 0.0543175582067, 0.02179952712, 0.00391143874528, 0.153810138263, 0.00387619920839, 0.00647687851122
0.243962055488, 0.00604664484734, 0.00351269024141, 0.00813560753241, 0.058348205624, 0.376637041841, 0.0400956731771, 0.178980486296, 0.00976656428524, 0.0635813603745, 0.00690893255153, 0.00402473774097
0.403707493147, 0.00642342301368, 0.00178248191788, 0.00180685944453, 0.0303173162607, 0.303196382642, 0.04266037428, 0.028161493603, 0.00555368842904, 0.16782265028, 0.00290871887952, 0.00565911810311
0.261544063832, 0.0043689033904, 0.00227032611149, 0.00334271724336, 0.0269885907581, 0.403826105507, 0.057713546957, 0.0501851058847, 0.00510244965472, 0.175527156794, 0.00376258369588, 0.00536845017146
0.328990099689, 0.0037247945301, 0.00146997825115, 0.00507262216893, 0.0446505794685, 0.304447815252, 0.118600854937, 0.040439692842, 0.0077427799938, 0.138778162536, 0.00257979947065, 0.00350282086074
0.249323939874, 0.00505634386795, 0.00188769346806, 0.00236637376599, 0.0244088356614, 0.506739994709, 0.0405420060181, 0.0296250637622, 0.00362785497021, 0.129921026497, 0.00247861721422, 0.00402225019198
0.367141994621, 0.0147838731865, 0.00580304788053, 0.00988059392511, 0.0613278762598, 0.296462119242, 0.0281389323872, 0.0239608697589, 0.0035595722768, 0.170552206459, 0.00796670516156, 0.0104222088424
0.214339195455, 0.015205962972, 0.00622185104984, 0.00994392228605, 0.10301311431, 0.320136366555, 0.0289285664317, 0.0740290047467, 0.0122952336958, 0.19585987397, 0.0102245684296, 0.00980234009758
0.222965671335, 0.0367694345178, 0.00336082710529, 0.0118501656723, 0.0178885074308, 0.260329223786, 0.0846342500144, 0.0181825446943, 0.00662182048078, 0.319820095894, 0.00457646191351, 0.0130009971557
0.29907338066, 0.00899575810356, 0.00536896462434, 0.00406237714991, 0.0430733579895, 0.389867716644, 0.0555177148596, 0.019023152101, 0.00942485664993, 0.153572262277, 0.00532881467071, 0.00669164427085
0.204718286904, 0.00277624501446, 0.0060379600773, 0.00815332095771, 0.045361013702, 0.483034960435, 0.0367331466729, 0.0488380822317, 0.00505432447933, 0.153112633492, 0.00393229845982, 0.00224772757358
0.279039266348, 0.0104850214431, 0.00316551020149, 0.0029990827121, 0.0667228700027, 0.369197583561, 0.0259641963878, 0.0400245439927, 0.00839190418032, 0.184473604201, 0.00458944967143, 0.00494696729816
0.301908179811, 0.0183815627156, 0.00395328692878, 0.00274349609842, 0.030916342054, 0.401295758835, 0.0304032914813, 0.148089416575, 0.0113634447878, 0.0407112534046, 0.0046378739244, 0.0055960933842
0.290253771889, 0.00538806223192, 0.00226304369395, 0.00359356937468, 0.0396230424304, 0.383810000012, 0.0442017119852, 0.0226240798649, 0.0138747238329, 0.186715333993, 0.00285442668617, 0.00479823400544
0.149892159683, 0.00819027062941, 0.00375765897958, 0.0101141845925, 0.0149019745795, 0.258796775733, 0.0608300176096, 0.0527965895273, 0.00809289634592, 0.420409893597, 0.00618334705217, 0.00603423167089
0.265063366999, 0.00768718218132, 0.0142747281946, 0.00468283402001, 0.0086278359301, 0.306939006128, 0.0343022799129, 0.0914611406431, 0.00449806138096, 0.248823537281, 0.00584984506397, 0.00779018226468
0.15602532196, 0.0114190681047, 0.0103530796177, 0.00306243995316, 0.0157630130703, 0.228162689953, 0.064244315011, 0.0506741099011, 0.00455265802495, 0.447485886505, 0.00462751074325, 0.00362990715617
0.209669255611, 0.00774523844079, 0.00225417638401, 0.00360620700441, 0.0139403415188, 0.331328014637, 0.0902421025988, 0.0130199415421, 0.00568040353129, 0.315682522753, 0.00250245050543, 0.00432934547291
0.226978145914, 0.00710785449209, 0.013543554498, 0.00331555159518, 0.0177517768106, 0.390774978495, 0.059635556921, 0.0391130277578, 0.00353455554172, 0.233408579688, 0.0021281165833, 0.00270830170425
0.102607596985, 0.0171173433459, 0.0271113884474, 0.00297245355857, 0.0288793103528, 0.34310617486, 0.0946790458436, 0.101834396073, 0.00390596417057, 0.267342178927, 0.00580126653155, 0.00464288090415
0.261851808675, 0.0101187740842, 0.00369461662305, 0.00500118486125, 0.0202800306298, 0.184335143661, 0.0613237051416, 0.146745817178, 0.0118057424179, 0.280750791703, 0.00352031292988, 0.0105720720964
0.238465133664, 0.0282474086552, 0.0532191246944, 0.00329550977991, 0.0240064499425, 0.229027201515, 0.0981366480416, 0.108679721552, 0.00899267439723, 0.193748109209, 0.00449760341237, 0.00968441513692
0.120527487101, 0.00861686517007, 0.0138649339144, 0.00958209596078, 0.0348793996914, 0.343634758684, 0.115596185971, 0.0397837297431, 0.00988772989386, 0.285879435224, 0.00476990863994, 0.0129774700065
0.226415964265, 0.0112334056854, 0.0121768932679, 0.00699256631576, 0.0160280011665, 0.196841290514, 0.0684899874497, 0.123695514007, 0.00807454365644, 0.311991860467, 0.00601434088981, 0.0120456323154
0.171369832878, 0.00898223288896, 0.00239224426721, 0.00229436065663, 0.0184440852321, 0.174347388312, 0.0476566122434, 0.0588078262742, 0.00505852815868, 0.502729044335, 0.00519197966997, 0.00272586508378
0.220967433112, 0.0117695274641, 0.0223562402281, 0.0160384550126, 0.0166790203749, 0.268463681435, 0.0749318870693, 0.113563793815, 0.0116632563147, 0.228813800884, 0.00372806481316, 0.0110248394767
0.282601634289, 0.0131816780113, 0.0450426298234, 0.00401563982878, 0.0139257440377, 0.246085268427, 0.0490234401472, 0.131935206487, 0.0050820667987, 0.192795207248, 0.00531188108497, 0.0109996038163
0.193104932671, 0.0147728841273, 0.0058481698586, 0.00398938246891, 0.0262883506199, 0.285315937876, 0.201632539642, 0.0670778368792, 0.0047498243673, 0.183051719643, 0.00838147624994, 0.00578694559707
0.157257063949, 0.00995603974351, 0.0138696248795, 0.00609373094807, 0.0334540041267, 0.224315306654, 0.226567418679, 0.0440192575484, 0.00668833498803, 0.266256619485, 0.00449600101986, 0.00702659797911
0.185016282522, 0.00750538302781, 0.00217655031732, 0.00497751531758, 0.00661859287155, 0.310244630488, 0.075484999814, 0.0144624626858, 0.00586590272397, 0.380860266623, 0.00384758700159, 0.00293982660736
0.136987882436, 0.00480980160984, 0.0127145566396, 0.00417094443808, 0.0211855226727, 0.31973540909, 0.0916937553766, 0.0208221340083, 0.00619935902265, 0.368974312829, 0.00568607279233, 0.00702024908473
0.349600820396, 0.0477598497933, 0.0089037651928, 0.0171901162041, 0.0583675260154, 0.260382646489, 0.0375567779966, 0.0393043898505, 0.00846858818196, 0.093424820098, 0.0088751848493, 0.0701655149326
0.285362747402, 0.0276491172636, 0.0023860440162, 0.00892193385565, 0.0147865219496, 0.264455697424, 0.0924743392923, 0.0504993092512, 0.00393962201279, 0.240306023728, 0.0024238095082, 0.00679483429643
0.27325852708, 0.00682381444254, 0.0023331744658, 0.00561779215302, 0.021351480918, 0.257599523521, 0.0495157369971, 0.0595066452254, 0.00449674143242, 0.30638487192, 0.00375552919473, 0.00935616265058
0.205384355754, 0.0053659242663, 0.0115500236547, 0.00546221972499, 0.0196346496384, 0.334431854393, 0.136530636337, 0.0916698850734, 0.00681139794264, 0.173123860907, 0.00443475866096, 0.00560043364817
0.130091222114, 0.00644919712308, 0.00665250278488, 0.00671208221006, 0.032223509788, 0.177917064028, 0.0826129254713, 0.110467346368, 0.00580695585571, 0.428727024365, 0.00553830247644, 0.00680186741646
0.429329979663, 0.0280335114842, 0.0226234736798, 0.00826925174539, 0.0641047084526, 0.132007276191, 0.0399434927891, 0.0466133809609, 0.00720218820899, 0.144472120753, 0.0104551283188, 0.066945487753
0.228266556207, 0.00509378759825, 0.0058970000251, 0.00369855563092, 0.0217175314326, 0.215012611173, 0.0566884165324, 0.0319330685847, 0.00575274779597, 0.411410239761, 0.00740668323814, 0.00712280202098
0.586531193327, 0.0325647074999, 0.0682051179282, 0.0125144651741, 0.0176550279575, 0.0540111297367, 0.0166089365631, 0.0353122082192, 0.00375438174807, 0.148067006927, 0.0134951015155, 0.0112807234033
0.194766732215, 0.00896663215998, 0.00270091990482, 0.00475193107715, 0.0206590852267, 0.273682960809, 0.0133769390639, 0.0310595445287, 0.0209150556834, 0.41148373424, 0.0105881042299, 0.00704836086183
0.198743598029, 0.00642504695481, 0.00416885645328, 0.0189934626022, 0.0249470650751, 0.122608605921, 0.00894136438348, 0.11655328342, 0.0289350036398, 0.453967035517, 0.0120694087059, 0.0036472692984
0.183085745188, 0.00979068423567, 0.0021024554374, 0.0112304218799, 0.027434257686, 0.161674698127, 0.0121318141643, 0.0594936900593, 0.0212951432589, 0.494648640623, 0.00836467597701, 0.00874777336402
0.152172761054, 0.0123574207862, 0.0154613529301, 0.027114035197, 0.171359818308, 0.258751295298, 0.0135285147006, 0.14381686542, 0.0398499738673, 0.125066194362, 0.019605196688, 0.0209165713887
0.104333306416, 0.0124815826424, 0.00444707099463, 0.0189697148201, 0.0394915112483, 0.181363406035, 0.0200897558666, 0.0359504651712, 0.0146336398014, 0.552898102171, 0.00815586310142, 0.00718558173142
0.0921206708374, 0.0205050149507, 0.00267357638409, 0.018453309384, 0.0241431555521, 0.129875479566, 0.0107701859422, 0.0821437919062, 0.0174678542054, 0.5818582089, 0.0105031239536, 0.00948562841825
0.0792620620574, 0.0111479961105, 0.00265214806818, 0.00351881857057, 0.079249678203, 0.0869538708382, 0.00993458144214, 0.0404472126303, 0.0150989275809, 0.644748316026, 0.0195795641411, 0.00740682433212
0.116237058113, 0.00805112846358, 0.00297374142803, 0.0029992793855, 0.24034697752, 0.208403376117, 0.00755493510828, 0.0556124709976, 0.0164186235248, 0.328841711837, 0.00464761482178, 0.00791308268391
0.227493791613, 0.0063559074778, 0.00461318750881, 0.0123151493719, 0.26127696551, 0.159966011578, 0.00418426175177, 0.0848725704959, 0.0146772490057, 0.202781894215, 0.0133909244829, 0.00807208698915
0.164658704172, 0.00602133866874, 0.00958022204666, 0.0119445327326, 0.0207818130833, 0.212501631978, 0.0052662291925, 0.0356155837223, 0.0128701326403, 0.49484018816, 0.0106087291875, 0.0153108944162
0.15407419727, 0.0193013094978, 0.0106199742413, 0.0260817991481, 0.0412441436436, 0.308632625731, 0.0404228022669, 0.0696109712696, 0.0151289317467, 0.27850943574, 0.0160067415388, 0.020367067906
0.112258996962, 0.0103296986888, 0.00715406348298, 0.0159952740727, 0.0206163725956, 0.124637569447, 0.0133357731848, 0.0349096064788, 0.0156959980637, 0.629018943478, 0.00754459829342, 0.00850310525307
0.125636851724, 0.00773671217041, 0.0135903079141, 0.0336999110705, 0.170551298326, 0.217674218669, 0.0277378315981, 0.0884009482583, 0.0504721898885, 0.22157331277, 0.018941944912, 0.023984472699
0.113136993449, 0.00540997168843, 0.00358743440531, 0.00775969701026, 0.00767547548526, 0.122230096638, 0.00812261023037, 0.041305790265, 0.0197997219936, 0.652815331491, 0.0119170162096, 0.00623986113439
0.204756176902, 0.00559995743799, 0.00584340349299, 0.0220924122557, 0.224530731341, 0.216428756779, 0.00914459278475, 0.121057386765, 0.0240466152309, 0.124541812899, 0.0317084333717, 0.0102497207397
0.138163326122, 0.0124965214802, 0.0023703121513, 0.00335524929149, 0.0552004167269, 0.0826442751351, 0.00847346122721, 0.0624934902136, 0.0214806725495, 0.601685083311, 0.00529226780492, 0.00634492398704
0.250357627673, 0.0226790018725, 0.0211263662091, 0.0197184585749, 0.137535569229, 0.127488511472, 0.0200258113863, 0.10707173518, 0.0396409392772, 0.203815668524, 0.0233442160427, 0.0271960945606
0.268088375744, 0.0264394084723, 0.00514239004283, 0.00364518140929, 0.0504314332392, 0.106340052376, 0.0154428360956, 0.214909691325, 0.0150737489287, 0.271405842299, 0.014301257087, 0.00877978298079
0.069478051643, 0.00718211648154, 0.0018825085621, 0.010110921821, 0.0184916730023, 0.295642090396, 0.0109934372413, 0.0355385194177, 0.0193619593795, 0.511606727419, 0.00663390833453, 0.0130780863028
0.399230005809, 0.0109949791286, 0.00245560434057, 0.0181240560939, 0.014638350673, 0.0551427127369, 0.00647232810527, 0.0836306773709, 0.0139652599275, 0.369483002633, 0.0181407500181, 0.00772227316299
0.234016448075, 0.00917263544574, 0.00296296811805, 0.00959146624571, 0.0114435800116, 0.243136911436, 0.00618525470818, 0.0220956497735, 0.0111734815512, 0.436672331939, 0.00702204394201, 0.00652722875391
0.142114442808, 0.0134088286591, 0.00539400764943, 0.00622083629277, 0.0185664146846, 0.20959069369, 0.0127337739938, 0.0505750451601, 0.0298331000199, 0.49081886171, 0.00708021086315, 0.0136637844686
0.136235325772, 0.00404343691261, 0.00503880037069, 0.0210142291048, 0.0197011513612, 0.225880871309, 0.0127486074808, 0.0391072675691, 0.017679390247, 0.50240685498, 0.00869014917894, 0.00745391571333
0.123589101796, 0.0123704839109, 0.0058618014338, 0.0110648550994, 0.0178173710886, 0.19536907095, 0.0134681083253, 0.0574915699941, 0.0279420039633, 0.507346087171, 0.0102033602798, 0.0174761859877
0.125465519301, 0.0127818193843, 0.00511483114028, 0.0110234292403, 0.0195061463454, 0.274016135999, 0.0205504924897, 0.0398956241321, 0.0262129918551, 0.436477989693, 0.0103350437091, 0.0186199767102
0.274369683863, 0.0167383507273, 0.00624006613242, 0.00357891168202, 0.0485279179835, 0.352472263565, 0.0373241245575, 0.0195372810779, 0.00421213618088, 0.227896936383, 0.00544669469878, 0.00365563314863
0.18920545518, 0.0328440517472, 0.00557773652926, 0.0030084888501, 0.0725413331204, 0.179929116715, 0.0534312581665, 0.0157802753104, 0.0060064111009, 0.433193122429, 0.00421328944928, 0.0042694614012
0.263884304807, 0.0294167309412, 0.0412048379889, 0.0161522761193, 0.101747959848, 0.237507204444, 0.0205541742695, 0.0503128328457, 0.0082639516569, 0.198540768593, 0.0129018768899, 0.0195130815963
0.248560963334, 0.0175505089459, 0.00659619854748, 0.00990407336358, 0.0221560131052, 0.291520356161, 0.0355709314677, 0.0142241472296, 0.00524019050629, 0.333692376287, 0.00759695232196, 0.00738728872998
0.265100180673, 0.00979775079658, 0.00555364922414, 0.0112871733535, 0.0687294350864, 0.331996980439, 0.057025048397, 0.0803529778465, 0.00902490365731, 0.135738760757, 0.00967516657714, 0.0157179731919
0.246855074829, 0.0342582371638, 0.0069863603494, 0.00864329622928, 0.0715553368722, 0.154259983506, 0.0242405709592, 0.0265552603302, 0.00551175812103, 0.410494511645, 0.00604680190405, 0.00459280809066
0.189568493448, 0.085986252707, 0.0182308182097, 0.0268626954658, 0.0529579989876, 0.210938219076, 0.0208948624227, 0.0474847707649, 0.0109338986647, 0.31216328555, 0.00978090348861, 0.0141978012155
0.295532033889, 0.0300120663412, 0.00363141742952, 0.00809314122825, 0.0330491067268, 0.318419399018, 0.0224149211389, 0.0120563655907, 0.00422828530055, 0.261539848949, 0.00449001168059, 0.00653340270814
0.221677018675, 0.0288842739498, 0.00641000621604, 0.0050971896708, 0.161468774678, 0.328112486948, 0.0305980807132, 0.0451551887508, 0.00796869646116, 0.151571005884, 0.00498016232186, 0.0080771157317
0.201868167944, 0.041127778159, 0.0114098020236, 0.0161671359495, 0.0389259670607, 0.237624344026, 0.0691260282319, 0.028062619936, 0.00943001907928, 0.309068439765, 0.0167204552177, 0.0204692426074
0.148362106993, 0.0672788206807, 0.0181535219941, 0.0215045003715, 0.0339085063406, 0.415022342485, 0.0789360947443, 0.0492808822465, 0.00945296894689, 0.133131368878, 0.00936878383789, 0.0156001024821
0.272406340298, 0.036702593391, 0.00777394583035, 0.0111471631665, 0.0684884913992, 0.18745951037, 0.0594647068295, 0.0264568840244, 0.00471473434354, 0.313878946122, 0.00652157880833, 0.00498510541722
0.232187744714, 0.0347288762802, 0.00807652665623, 0.0112089511146, 0.0578241391991, 0.267972438891, 0.0581344177821, 0.0296101565392, 0.00643148763361, 0.283997950308, 0.00446743004258, 0.00535988083922
0.255190275617, 0.057650984113, 0.0208194826653, 0.0203289376615, 0.0544444326187, 0.18556562253, 0.0547447830117, 0.0349367218069, 0.00630722055368, 0.284550336791, 0.013927088072, 0.0115341145592
0.184662594937, 0.019743228384, 0.0155953356894, 0.0505066707465, 0.195867786696, 0.200373615434, 0.0279920399752, 0.0344901166879, 0.0165400591395, 0.230871616113, 0.0111841375892, 0.0121727986089
0.354968459816, 0.0124473382768, 0.0123841622718, 0.0454843100365, 0.258511581561, 0.183801697321, 0.0240024387659, 0.0145831442865, 0.00664876675207, 0.0506836413958, 0.0103107750822, 0.0261736844353
0.142231740621, 0.0164545582996, 0.0107174530237, 0.00858011224633, 0.103479133828, 0.286881005163, 0.0370725954903, 0.0212128019154, 0.00460027108239, 0.358278504784, 0.00509398804422, 0.00539783550239
0.115165994269, 0.0125979947671, 0.00172219440011, 0.025662531091, 0.0513710576134, 0.486618131719, 0.0479433950254, 0.0370373422691, 0.00322265557047, 0.185091181536, 0.0231506844772, 0.0104168372621
0.302926955001, 0.00821541379102, 0.00942464140507, 0.00270198365149, 0.12634367153, 0.133830331422, 0.0294879135053, 0.0318150787438, 0.00775404215515, 0.317963115334, 0.0131787069552, 0.016358146506
0.408847388652, 0.0119369443267, 0.0394629424956, 0.0127830775174, 0.0290238863399, 0.206373024762, 0.0519565118907, 0.0458006003725, 0.0114006869216, 0.14519466807, 0.0167640434533, 0.0204562251992
0.152926718207, 0.0282135210423, 0.0219225447344, 0.019821263873, 0.0585074546789, 0.238994145601, 0.0936559490167, 0.0355086681235, 0.0127639643423, 0.289375142246, 0.0208837303533, 0.0274268977824
0.218185505509, 0.050553151742, 0.0127952681618, 0.0108072075731, 0.0126604988287, 0.334166086568, 0.0351001989869, 0.0306376659721, 0.00552505058622, 0.245902800393, 0.0120686956751, 0.0315978700045
0.16089529351, 0.0445519463811, 0.0206752942503, 0.0188669430343, 0.0628686807847, 0.446726729263, 0.068920712014, 0.0397939840213, 0.012387121147, 0.0579017772569, 0.0273416138544, 0.0390699044829
0.113404442161, 0.0063724813573, 0.00702316116276, 0.0161518371489, 0.0174215680908, 0.67216052011, 0.0843195984171, 0.0217574900086, 0.0039746553578, 0.033287066536, 0.0096559900387, 0.0144711896111
0.0447414255145, 0.0127681767331, 0.00244672227891, 0.0388277593364, 0.0163966072946, 0.456973371747, 0.0440380728272, 0.0151545107554, 0.00461683092295, 0.351584188211, 0.00538638785195, 0.00706594652618
0.12353950523, 0.0537992839518, 0.0138849053244, 0.0120505249757, 0.0619787818468, 0.323609128172, 0.0353301577149, 0.0248953448546, 0.00556689795979, 0.309835705344, 0.0119101992981, 0.0235995653279
0.204951573559, 0.0589334805715, 0.00746405583883, 0.00559695709394, 0.0866410470813, 0.147178973714, 0.0453129278703, 0.217949274347, 0.00419369140367, 0.212258756685, 0.00348935025602, 0.00602991157977
0.126277071308, 0.0254833305141, 0.020599436422, 0.0142670958744, 0.0719778253017, 0.274442223679, 0.0498900429664, 0.0396362983499, 0.00647873857735, 0.324685701953, 0.0240601339863, 0.0222021010673
0.16718393975, 0.0465012780573, 0.00592421890301, 0.00851183995028, 0.138928797309, 0.163230952048, 0.0265702292416, 0.0854273139554, 0.00281725166757, 0.342004477751, 0.00893630959353, 0.00396339177329
0.156468726496, 0.0519127053634, 0.0150418904961, 0.0136581412461, 0.0912518058994, 0.226484462263, 0.0392297272026, 0.0782107062239, 0.0062170335255, 0.289996520876, 0.00917177273057, 0.0223565076771
0.202005369648, 0.100922900469, 0.0160922474064, 0.00487108217742, 0.126838082608, 0.175039716346, 0.0313879274897, 0.136146867637, 0.00574612530249, 0.191099834017, 0.00377104326503, 0.00607880363428
0.219811659212, 0.0242981221336, 0.0208331416055, 0.0175355848084, 0.0752915102381, 0.219778418567, 0.0570386022981, 0.0649636501373, 0.00662104546462, 0.256538914046, 0.0161529366857, 0.0211364148036
0.193056234444, 0.0236951776478, 0.0229254384064, 0.0129310345473, 0.0603857380614, 0.148508401513, 0.018610210024, 0.0574821893768, 0.00819652601858, 0.342571426748, 0.0118660156724, 0.0997716075406
0.198562432321, 0.0521396788102, 0.013658171699, 0.0116823522413, 0.0689647159548, 0.317276474082, 0.0440950597785, 0.0974903949534, 0.00651092394602, 0.176179357136, 0.00396836084636, 0.00947207823148
0.206525863715, 0.00644787658469, 0.0168459555093, 0.00541169150507, 0.100784830093, 0.291225912893, 0.0330059211067, 0.0665100133896, 0.00333055132508, 0.264126290385, 0.00281586418151, 0.00296922931182
0.0960117385119, 0.00589852291761, 0.00301436511523, 0.0067478278757, 0.0464898883966, 0.271030665981, 0.0325352735314, 0.0671804921206, 0.00505172331404, 0.445592747731, 0.0043492155371, 0.016097538968
0.151444035156, 0.0977307356343, 0.00395717867723, 0.0134407762097, 0.169456037455, 0.172265314641, 0.0118328484912, 0.13606168721, 0.0051361230513, 0.220432895133, 0.00608878832983, 0.0121535800111
0.0701494546886, 0.0669507313588, 0.00434349006104, 0.0128601031996, 0.103117848092, 0.174548161601, 0.0409735156155, 0.055651452733, 0.00402990417322, 0.449326404335, 0.00585897127397, 0.0121899628684
0.105546286839, 0.0412887931674, 0.0210513607586, 0.0378397372993, 0.103546059536, 0.345404180182, 0.0778785147186, 0.088483433354, 0.00291912494112, 0.118543763867, 0.00727615115783, 0.0502225941792
0.106019935033, 0.0298703151316, 0.0142073439038, 0.0107644302823, 0.0753037664181, 0.336991338607, 0.0786304545438, 0.0409356563223, 0.00282613582989, 0.259041466183, 0.0196692539066, 0.0257399038392
0.161194071783, 0.0625782980168, 0.0231802766754, 0.0144172354752, 0.0964272544371, 0.347739622877, 0.0518400972783, 0.0286702337459, 0.00482856014385, 0.173940374214, 0.0108827407426, 0.0243012346103
0.190744618115, 0.0744593415349, 0.00793212948407, 0.0224069996878, 0.0792724336795, 0.0923153342565, 0.0241279490129, 0.0291457726, 0.00945065763527, 0.452265342816, 0.00667133597641, 0.0112080852011
0.141941733596, 0.0996683498916, 0.00952760778925, 0.0131179413038, 0.0942342135285, 0.214699233681, 0.0314226667198, 0.129606454383, 0.00416907814896, 0.247107854861, 0.0063317039164, 0.0081731621809
0.16953190742, 0.113901099456, 0.0154339733205, 0.0148468497438, 0.0993688735047, 0.196511559143, 0.0434782585826, 0.0709310559829, 0.00855167027206, 0.231716150305, 0.00815004347154, 0.0275785587982
0.104420190809, 0.0370737059775, 0.0125673498502, 0.00880176387579, 0.146330384827, 0.260052061601, 0.0413161173516, 0.0597646045042, 0.00883301489894, 0.302352715754, 0.007798402715, 0.0106896878346
0.273201995663, 0.039100565331, 0.0438296888943, 0.010422367059, 0.116493830942, 0.112743714213, 0.0299855216622, 0.110393397306, 0.00678219146279, 0.234073384007, 0.0108143865875, 0.0121589568726
0.162924161987, 0.0532001560211, 0.0176790767895, 0.0113702798087, 0.0624116671641, 0.178139264957, 0.0715817157883, 0.0667789422889, 0.00464373042769, 0.351766823802, 0.00866937286626, 0.0108348080993
