0.00198265393726, 0.00522410882038, 0.450757201213, 0.00427707580366, 0.00321426222894, 0.0083773975487, 0.139449711309, 0.00850813767075, 0.00453666045968, 0.36948079432, 0.00276169442571, 0.0014303022636
0.000724664205559, 0.00624890543798, 0.472944445606, 0.00303764301102, 0.00757723578109, 0.00237896693652, 0.0282445931687, 0.00893729101874, 0.00542033402915, 0.459820945922, 0.00325834379235, 0.0014066310914
0.00283950943457, 0.00884165291694, 0.357562422165, 0.0031685406049, 0.0335388232415, 0.00483063737251, 0.07910925666, 0.0157398344251, 0.011684101017, 0.477807623462, 0.00343450321322, 0.00144309548696
0.00141058547728, 0.010688094748, 0.409820967071, 0.00352086380647, 0.022338585426, 0.00418667831988, 0.0143037828197, 0.0052012707935, 0.00450872980274, 0.519568919274, 0.00354878227693, 0.000902740184994
0.00387380193351, 0.0539079123656, 0.333174339051, 0.00449562251199, 0.0166151367329, 0.0278439361889, 0.144763513479, 0.0354167427474, 0.021485436116, 0.35295438488, 0.00241375015975, 0.00305542383455
0.000990556724623, 0.019530859237, 0.415945565614, 0.00369775733031, 0.015319889598, 0.00405727769139, 0.0248593809752, 0.0110532735763, 0.00612485456263, 0.492430149617, 0.00445325150096, 0.00153718357228
0.00220407959385, 0.00748196209026, 0.389941898429, 0.00506203162616, 0.00522051993731, 0.00567971244426, 0.0960812693438, 0.0115370381554, 0.0058635569364, 0.463717128227, 0.00470537152835, 0.00250543168795
0.00325958078585, 0.00728845752481, 0.51766073064, 0.00945646321624, 0.0126557118826, 0.00718673751153, 0.0412793439689, 0.00673390597357, 0.00418588323773, 0.38484971322, 0.00399527997513, 0.00144819206376
0.00355210354133, 0.0129508598293, 0.287413138813, 0.00262643335461, 0.0253940796455, 0.00130661883398, 0.0267834990111, 0.0160441789423, 0.00803253420642, 0.610237716061, 0.0042409155647, 0.00141792219652
0.00790155424846, 0.0152865620804, 0.331708737309, 0.00462844089029, 0.122320555908, 0.00630742900942, 0.122950023261, 0.0166723532939, 0.0204466477613, 0.325349429524, 0.00152918088351, 0.0248990858307
0.00194435628745, 0.00581358203916, 0.341168565197, 0.0055975528982, 0.0202782187825, 0.00752800936405, 0.074953621699, 0.0121093569164, 0.00793704972952, 0.51175577818, 0.00586981807134, 0.0050440908351
0.00596362472488, 0.041645952789, 0.305336157719, 0.00425202389581, 0.0682048817065, 0.0231955589849, 0.162961078106, 0.0264982151877, 0.0219638894469, 0.332507113017, 0.00410033889213, 0.00337116553105
0.0297396190753, 0.107785357909, 0.213280097614, 0.00672389401071, 0.136241659485, 0.0116487329186, 0.0698474802166, 0.0448043037315, 0.038374174761, 0.321045814347, 0.00269564750152, 0.0178132184301
0.00180758884748, 0.0167362298391, 0.425523108768, 0.00624585000349, 0.0366002930823, 0.00395667053881, 0.0238127102767, 0.00905579586755, 0.00511245253053, 0.466240492421, 0.00361094495237, 0.00129786287293
0.00281932783567, 0.00947669939805, 0.293407676191, 0.0049190671331, 0.0878081535304, 0.0125888668284, 0.146043172747, 0.0153143526473, 0.0117933253478, 0.394793981388, 0.00852052601905, 0.0125148509341
0.00267323734263, 0.00428833078169, 0.405101759765, 0.00602049431509, 0.0473239036079, 0.0115524439803, 0.0590634110535, 0.0046179382441, 0.0057571624567, 0.439346826559, 0.00293753498092, 0.0113169569128
0.00451052787815, 0.0067390565795, 0.410704609365, 0.00580161751186, 0.00778749065364, 0.0148020018979, 0.120332360934, 0.00916741087, 0.00602780919849, 0.398365101725, 0.0124695115169, 0.00329250186986
0.0162060051615, 0.00811081568509, 0.647358710815, 0.0100600952169, 0.0503125964527, 0.00255416604027, 0.0304105043173, 0.00345898751048, 0.00317452055714, 0.219885716531, 0.00492837219458, 0.0035395095181
0.00222609050002, 0.00613516061553, 0.410850388552, 0.003903570008, 0.00581264447741, 0.00672164483913, 0.0599041048155, 0.00911837922611, 0.00630790202367, 0.480409550665, 0.00371968392283, 0.00489088035449
0.00246455403159, 0.0901789813821, 0.297565232381, 0.0111124506298, 0.010933024379, 0.00539741936631, 0.0733648936443, 0.0137659913238, 0.00740995869393, 0.48014420387, 0.00212413734411, 0.0055391529546
0.002710734756, 0.00838407635274, 0.253219910357, 0.00246402994426, 0.0674860709032, 0.00465644129543, 0.0463265284748, 0.0190442796242, 0.0149126018649, 0.574796097065, 0.00396416385569, 0.00203506550753
0.00125335846929, 0.00325703194498, 0.412343921254, 0.00494952053382, 0.0299769745491, 0.00530087434839, 0.0197323400658, 0.00897103421057, 0.00470377057212, 0.504035157485, 0.00451991259294, 0.000956103973404
0.00426508836752, 0.00715655318003, 0.266715363339, 0.0039795069921, 0.0613871319168, 0.00508382906504, 0.0831307671924, 0.0172550817892, 0.00760925550126, 0.53606760042, 0.00541590830899, 0.00193391392791
0.00567769925716, 0.0100480679644, 0.588102314561, 0.00493435580667, 0.0135087408225, 0.00424762371589, 0.238832782558, 0.00539907816793, 0.00315790576054, 0.122832934114, 0.00150999535121, 0.00174850192069
0.016122163203, 0.00390286642145, 0.491857968595, 0.00465979095608, 0.00901595195427, 0.00323151279441, 0.0403682458946, 0.0135232309254, 0.0081857998781, 0.40395682837, 0.00331274742768, 0.00186289358001
0.00155180454857, 0.0159550399711, 0.422587790991, 0.00265707645532, 0.00625028880293, 0.0018002916902, 0.118856812803, 0.0125990130366, 0.0260654305355, 0.382565681878, 0.0076747656798, 0.00143600360819
0.00617692326352, 0.0193392515755, 0.352839100974, 0.00192344078839, 0.0221472023214, 0.000940487228494, 0.0140736809104, 0.0109829325655, 0.0199442107275, 0.53913197645, 0.00906381208148, 0.00343698111339
0.00331533265711, 0.0162032272279, 0.497424744718, 0.00260258332306, 0.00729496897272, 0.00172739076753, 0.0832520196591, 0.00482135056485, 0.011899120766, 0.355849926847, 0.0127697838563, 0.00283955064077
0.0224665047319, 0.0515438092949, 0.474069546828, 0.00331559855749, 0.0669704517568, 0.00264409747815, 0.0480067398058, 0.0160534947968, 0.0444442047181, 0.255482070989, 0.0120870815732, 0.00291639946957
0.00619152332328, 0.00885967892923, 0.295734998367, 0.00228695712259, 0.0153918916977, 0.000712510567208, 0.0721974015869, 0.0179847113646, 0.0214429814732, 0.552026809782, 0.00441399741872, 0.00275653836664
0.00507037324977, 0.0275547194796, 0.264878590427, 0.00181197427591, 0.0308421740671, 0.000870944038972, 0.041389222696, 0.0113667189299, 0.0333874337626, 0.567746016401, 0.00610940937101, 0.00897242330141
0.00700516707246, 0.00959895167812, 0.254852557499, 0.00447552927444, 0.0217246267474, 0.0041283087495, 0.113741931065, 0.0342276420114, 0.0430424516246, 0.488274701361, 0.0118486886535, 0.0070794442644
0.00346729820056, 0.0154085615923, 0.336890886581, 0.00214924828043, 0.0307791631938, 0.00088048861322, 0.00974583458315, 0.0195481324767, 0.0169554088851, 0.554755020583, 0.00515116353406, 0.00426879347642
0.00162207783525, 0.0148557043426, 0.27171450272, 0.00195771977576, 0.0139766915389, 0.000852976303909, 0.067300586755, 0.0166447877357, 0.0157598533768, 0.586492966026, 0.00745101414121, 0.00137111944839
0.00190725283848, 0.00404769670388, 0.597306623873, 0.00203462471455, 0.0111420911043, 0.00064230771837, 0.13290365836, 0.00402984489527, 0.0055999365213, 0.23363446186, 0.00426199918072, 0.00248950223063
0.0207361194815, 0.0544806587408, 0.267112095913, 0.00397251291586, 0.104865201456, 0.00462848839967, 0.145851538682, 0.0463927891775, 0.0292513620637, 0.302954947619, 0.0157260447701, 0.00402824078002
0.00326195918807, 0.0205332169818, 0.357859326725, 0.00225782783075, 0.024502117244, 0.00159780383755, 0.00735621201515, 0.00596296699074, 0.0224734748199, 0.533363219326, 0.00538155692447, 0.0154503181163
0.00352562907878, 0.0209313514759, 0.326697363707, 0.00237432099133, 0.0136217856182, 0.00476662519628, 0.0921098504657, 0.0247307684863, 0.0211786921461, 0.476774892885, 0.0103139351213, 0.0029747848285
0.00809322479568, 0.0142114278169, 0.365105770103, 0.00336022175801, 0.00897853847377, 0.00370716246545, 0.0713945879401, 0.0225135799822, 0.0196235274671, 0.456938356933, 0.0189738785663, 0.00709972369805
0.00201261337413, 0.015766239115, 0.371938520315, 0.00300635537388, 0.0089925237974, 0.00162653878448, 0.209317592697, 0.0088487429875, 0.0286345429351, 0.337203853202, 0.00599206695762, 0.00666041046049
0.00376198742525, 0.0439880149456, 0.324565115379, 0.00245760344618, 0.0586550019213, 0.00293308872545, 0.110966078146, 0.0317195960185, 0.0258784117114, 0.369922951441, 0.0155263366111, 0.0096258142293
0.0344983873835, 0.0552888031185, 0.435088215037, 0.00451612909976, 0.0745299104482, 0.00258010995139, 0.0535563866211, 0.0190966480429, 0.0463751602265, 0.250065004781, 0.0209403863949, 0.0034648588945
0.00950369330055, 0.00627113755851, 0.581309455027, 0.00299541945412, 0.0274198115266, 0.00100450847021, 0.0362090232776, 0.0113784819347, 0.0185284958848, 0.296849146025, 0.00335806300335, 0.00517276453753
0.00280325266447, 0.00897562658822, 0.612411821217, 0.00325689205736, 0.00834773207692, 0.00135300131018, 0.103011160051, 0.0247628329962, 0.0148827926806, 0.20930925449, 0.00424403119442, 0.00664160267401
0.00712045371793, 0.0212027759458, 0.554613026871, 0.00326519541308, 0.0171940796602, 0.00185126852622, 0.198792643206, 0.01886330585, 0.0124346868026, 0.152612054953, 0.003743727606, 0.00830678144843
0.00238860104058, 0.0271125851974, 0.325481744428, 0.00221579868187, 0.0118140320413, 0.000826934899043, 0.0473332050579, 0.0100296043704, 0.0172409118569, 0.543812757464, 0.0101363761387, 0.00160744882361
0.00344261759394, 0.00460909993843, 0.671127810352, 0.00266632163915, 0.0122609550043, 0.000950102229231, 0.252505046234, 0.00466652896467, 0.00544717000258, 0.0354675467749, 0.00470617788913, 0.00215062337693
0.00241896055385, 0.0223121333862, 0.166194022545, 0.00358820391689, 0.0209400943476, 0.00129619049055, 0.213500314691, 0.0076950999055, 0.0222806001339, 0.529069226785, 0.00826479322481, 0.00244036001954
0.00236599943172, 0.0225796056062, 0.263652676533, 0.00173213398415, 0.012891945971, 0.000358734369616, 0.0555154218084, 0.013632559917, 0.0205823484653, 0.59256091194, 0.0113704859764, 0.0027571759968
0.00242917515665, 0.0103093593413, 0.219523701372, 0.00200387960974, 0.0288945800884, 0.00233976063825, 0.0466239246258, 0.0116070050807, 0.0364456082903, 0.62246099438, 0.00854691034236, 0.00881510107476
0.0021721207487, 0.0239538989243, 0.582493015808, 0.00668712123567, 0.0130116161618, 0.00452794954086, 0.0491102738081, 0.0132352622345, 0.0055464777509, 0.269763827701, 0.00364478524303, 0.0258536508427
0.0018245731513, 0.0132767076246, 0.656252014753, 0.00379038789544, 0.0128049226272, 0.00376670204404, 0.0307787552511, 0.00707915659193, 0.00353171961408, 0.263304366497, 0.00274920362533, 0.000841490325184
0.00120147950095, 0.00439559848409, 0.61278798189, 0.00345247186998, 0.0276213202821, 0.00194449515317, 0.0243599273629, 0.00611249280974, 0.0184338888108, 0.295647637266, 0.00280846358354, 0.00123424298718
0.00636732541095, 0.0234830379491, 0.308500304883, 0.00315245127509, 0.132304747108, 0.00307044912591, 0.0587418200967, 0.00836929207516, 0.0269962668464, 0.425191360516, 0.00232741151882, 0.00149553319468
0.00150135052392, 0.0110396437589, 0.411651369279, 0.00201673016092, 0.0195962900742, 0.00304481441244, 0.030747640428, 0.00575075227438, 0.0047941398345, 0.499545192884, 0.00945483727084, 0.000857239098444
0.00293186759083, 0.0239235116348, 0.501094749606, 0.00750597164902, 0.0190915356109, 0.0219476762918, 0.0681907832066, 0.0115374784972, 0.00558955305061, 0.327614617948, 0.00705211479426, 0.00352014012003
0.00610471588274, 0.0301938751224, 0.379194958339, 0.00516765035687, 0.0170348049672, 0.0187156513884, 0.0561792752486, 0.00786444337732, 0.00944182859209, 0.454554782862, 0.0115392609187, 0.00400875294471
0.00269852387322, 0.0156188892805, 0.762784304231, 0.00625059397612, 0.00790253199933, 0.0168282914053, 0.0996221279173, 0.0123151122486, 0.00517793880636, 0.0626659222762, 0.00572318225395, 0.0024125817323
0.00239438236271, 0.0122808874792, 0.490968676855, 0.00380294520254, 0.0175745374211, 0.00254822152576, 0.10330428097, 0.0145433421509, 0.00764248245432, 0.341900892617, 0.00173864765394, 0.00130070330672
0.00144183517321, 0.00943690364006, 0.447273410394, 0.00310229367301, 0.020392319805, 0.00341247031872, 0.00790184178061, 0.011875469498, 0.005664328819, 0.485612449173, 0.0025976029676, 0.00128907475763
0.00271207517013, 0.0102405162969, 0.402614307805, 0.00305189975755, 0.0373904898648, 0.00378743062527, 0.0155537905686, 0.0149179319496, 0.0044754330332, 0.499368058784, 0.00379126405845, 0.0020968020865
0.000760999405038, 0.0113658725484, 0.377109741179, 0.00379654935699, 0.0370571943562, 0.00178471380074, 0.0166637703708, 0.0123536968136, 0.00598694060909, 0.530350209437, 0.00209779381973, 0.000672518302618
0.00864830053794, 0.0254678927819, 0.34112184784, 0.00397156355627, 0.120990145016, 0.0133135871889, 0.0570932514193, 0.0133586491586, 0.019813685694, 0.387920563737, 0.00712180798748, 0.00117870508264
0.00445362978611, 0.0139787666339, 0.350085805779, 0.00381744245189, 0.169669245726, 0.00642191447319, 0.0269288540492, 0.00874200936126, 0.0131932528196, 0.383290662972, 0.0059916249743, 0.0134267909738
0.0068038192425, 0.0172757090976, 0.3013113369, 0.010577209839, 0.0355067548913, 0.0202126749769, 0.0530802857875, 0.0159782371779, 0.0159023934332, 0.5083463362, 0.00864099025064, 0.00636425220285
0.00802841140152, 0.0213146275032, 0.34390611749, 0.00494166687021, 0.0118138843083, 0.01164202892, 0.0500715192289, 0.0169341049281, 0.0128998220156, 0.505765376223, 0.00716629273083, 0.00551614838008
0.0021608618733, 0.0126640371639, 0.353535914821, 0.00313693868949, 0.129197423205, 0.00336284004331, 0.0621250005735, 0.00658085429734, 0.0121851674697, 0.400204671579, 0.00335055166761, 0.0114957386171
0.00191481262126, 0.00552658520916, 0.360805001499, 0.00313202833437, 0.059181073633, 0.00307845660472, 0.0202826494173, 0.0120249474581, 0.00824835021626, 0.514165666405, 0.00317597313033, 0.00846445547164
0.000784226686455, 0.0392688469619, 0.152380737785, 0.0011110514417, 0.061757085117, 0.00202929472025, 0.0149820348995, 0.00628885906106, 0.026024754627, 0.688330310629, 0.00481550594216, 0.00222729212842
0.00300582182665, 0.00935670820354, 0.671985469016, 0.00429154767457, 0.0159776940792, 0.00440824608143, 0.0593539094723, 0.00761833892271, 0.006508825284, 0.213850577767, 0.00220242919229, 0.00144043247975
0.00577548839774, 0.00971559913708, 0.468180482198, 0.00633251667307, 0.032242062067, 0.00575798931588, 0.0928230438315, 0.0071539905785, 0.00683420946216, 0.360306582609, 0.00311545378164, 0.00176258194837
0.00108902407107, 0.00703955420971, 0.339979057528, 0.00313284459022, 0.0779029136744, 0.00403138330227, 0.0184104196262, 0.00763881784904, 0.00892535744232, 0.526681939143, 0.00419722305881, 0.000971465504442
0.00747398828243, 0.024771609303, 0.207683275441, 0.00482049207086, 0.191509567768, 0.00559672119305, 0.0549872943481, 0.0213293449662, 0.0141629970836, 0.462209077578, 0.00429054191695, 0.00116509004861
0.00346687588685, 0.0155846396653, 0.441985371159, 0.00222065284852, 0.0458598162104, 0.00485610141818, 0.0287762220613, 0.0076090487807, 0.0105117221159, 0.432466114368, 0.00448501598083, 0.00217841950441
0.00115233079382, 0.0118471437103, 0.562969408126, 0.00387377259079, 0.0339435227387, 0.00321117393056, 0.043049498493, 0.00544660833185, 0.00593043537547, 0.322257139691, 0.00276379046965, 0.00355517574812
0.00525617932873, 0.0213065467922, 0.463135225182, 0.00612667607704, 0.0109394890362, 0.00981682371194, 0.233060342848, 0.00688725950605, 0.00460294399075, 0.232881909595, 0.0037336923329, 0.0022529115991
0.00856909822968, 0.00401845945047, 0.390505794327, 0.00350581930499, 0.0457672655903, 0.010998695221, 0.00553478715383, 0.0072076890815, 0.0192574003594, 0.495400348202, 0.0041359192762, 0.00509872380408
0.0072136960498, 0.0135486214174, 0.368267144502, 0.00353175607601, 0.00573051768214, 0.0181602506964, 0.118064006354, 0.00787961337533, 0.0090936668062, 0.440093243773, 0.00689191182684, 0.00152557144122
0.00618036387842, 0.0331910854374, 0.315466129355, 0.00315750303159, 0.0587378693979, 0.0345393192909, 0.0823761084392, 0.00978668095256, 0.0248028255335, 0.421154461418, 0.00871832499373, 0.00188932827153
0.00685099483904, 0.0142549234231, 0.30717672537, 0.00543329703741, 0.0148219791593, 0.0179101098544, 0.127747041716, 0.00610066269704, 0.00444218523486, 0.483463061309, 0.00965846881815, 0.00214055054234
0.0184063708351, 0.0157431277452, 0.344600369648, 0.00319337200654, 0.0157504165025, 0.00295645410114, 0.119464738624, 0.0105401241173, 0.0134816662421, 0.441884838522, 0.0106479500499, 0.00333057160594
0.0261747378833, 0.0493734631528, 0.569606087694, 0.00821822001915, 0.0232593275831, 0.0571897545004, 0.0601686000998, 0.0112144997121, 0.018901786402, 0.156390394196, 0.00842071197174, 0.0110824167865
0.0131497819823, 0.0344552778146, 0.385039945484, 0.0110210667156, 0.0174961290955, 0.0389515507315, 0.145428167124, 0.0131673663423, 0.0105352687778, 0.311666978908, 0.0128401259545, 0.00624834106992
0.00707189691923, 0.0192647922472, 0.711909210472, 0.00934684748187, 0.0268990706566, 0.039221917301, 0.0595663940111, 0.00577418325214, 0.00358029822362, 0.107037719007, 0.0055742517625, 0.00475341866536
0.0137606097337, 0.0107039354955, 0.438529184771, 0.00196012651124, 0.00997799569404, 0.00466950969123, 0.0948450609526, 0.0109784614553, 0.00867302687358, 0.386983827471, 0.0180835349712, 0.000834726379599
0.00632973439927, 0.024466312943, 0.571441035059, 0.0131653716769, 0.0212593761195, 0.0259327399984, 0.220798327687, 0.00960368689446, 0.00466102328716, 0.0813011002929, 0.0157121053501, 0.00532918629285
0.00696076780681, 0.0214689854357, 0.576310378006, 0.00682409891575, 0.0142780324892, 0.0568005187187, 0.18366578052, 0.0126113535647, 0.00833056628881, 0.0992352833201, 0.0106300995316, 0.00288413540218
0.0187345150133, 0.0213903513173, 0.388020113091, 0.00586901149097, 0.0322594018075, 0.014999769435, 0.0756505596941, 0.0110788041458, 0.0320275092878, 0.377227441915, 0.0130227855314, 0.00971973727055
0.0110176211103, 0.00829249077628, 0.343184761085, 0.00360468002482, 0.0119104611826, 0.00470401532675, 0.13371379303, 0.00818671289877, 0.00662035451894, 0.464312503462, 0.00370955647173, 0.000743050112195
0.00155978626705, 0.0124789906155, 0.320455356511, 0.00240738015187, 0.00327242908611, 0.00626034787262, 0.127957130203, 0.010112248899, 0.00537513891276, 0.5064846203, 0.00282453319343, 0.00081203798822
0.00458416734411, 0.005755150103, 0.337258165772, 0.00226364696373, 0.02074795033, 0.00982934755151, 0.17861870988, 0.0040068050102, 0.00786193817968, 0.423283550838, 0.00250069518579, 0.00328987284142
0.00817933156511, 0.0250669873927, 0.323553286061, 0.0040190714317, 0.0430547297499, 0.0151219471596, 0.0318991367281, 0.00820506894267, 0.0352412280394, 0.495682480083, 0.00636431228747, 0.00361242055842
0.00596365142062, 0.0177750321279, 0.411623293256, 0.00432222204042, 0.0127500329895, 0.0100712449229, 0.0715387488859, 0.00741791090827, 0.00809889886158, 0.438778697852, 0.0071816092914, 0.0044786574435
0.00761594813256, 0.0132406415613, 0.177948715944, 0.00238918353312, 0.0275493689391, 0.00672006654123, 0.0882728345439, 0.0049556037134, 0.00620218538871, 0.657406367931, 0.00505380524901, 0.00264527852219
0.0110975860783, 0.00913954363497, 0.717853268542, 0.00263024894462, 0.0133891234372, 0.00294930498657, 0.0199766980257, 0.0021886914595, 0.00629962936225, 0.196806667821, 0.0139872459596, 0.00368199174817
0.0159711431559, 0.0321063015426, 0.62329750654, 0.00515913443845, 0.0151828196567, 0.0172702756765, 0.15568023479, 0.00464541580844, 0.00432931894543, 0.117305329289, 0.00655212673105, 0.00250039342547
0.00562479338194, 0.0135538563716, 0.247468735706, 0.00243951848667, 0.0252792828608, 0.00509412964344, 0.141780721423, 0.00724210975032, 0.0146167947194, 0.532245914727, 0.00326096901281, 0.0013931739173
0.00615879946671, 0.0110294730875, 0.35224731498, 0.00558855023496, 0.0247002342452, 0.0207164054265, 0.0929413561911, 0.0104301759736, 0.00856851921465, 0.459310907215, 0.00425678372839, 0.00405148023659
0.00494363854057, 0.0139225916093, 0.275209546813, 0.00658792006481, 0.224663780741, 0.0291763262226, 0.0650743807549, 0.0110886770104, 0.0479601070102, 0.288326771145, 0.00928825713029, 0.0237580029577
0.0147070454485, 0.0174343347035, 0.56562441293, 0.00295031570582, 0.00946335224619, 0.00751889956108, 0.319268817473, 0.00473791609489, 0.00221465294479, 0.0515182950207, 0.00297248588388, 0.00158947198756
0.00860709849044, 0.00803799715162, 0.348884048268, 0.00719494961747, 0.00233405428666, 0.00191617998658, 0.137547258073, 0.0117996414429, 0.00537451408506, 0.463607409637, 0.00254083122695, 0.0021560177342
0.0243149165737, 0.0134472853052, 0.337410210619, 0.0116233546871, 0.0146526056151, 0.0167130019007, 0.223373852851, 0.0203613832594, 0.019703279386, 0.302450595846, 0.0104254825573, 0.00552403139969
0.00783946445315, 0.044772451059, 0.256628934682, 0.00629191392752, 0.0056968620329, 0.00317170788941, 0.122153016812, 0.0100042175032, 0.00691604684782, 0.526663098634, 0.00802784801961, 0.0018344381398
0.0138101616004, 0.0116495558794, 0.338334556232, 0.00716595742259, 0.00602860990077, 0.00834453867589, 0.138603932083, 0.0174646627328, 0.0095458669636, 0.435511868806, 0.00989708756001, 0.0036432021432
0.0382030698452, 0.005515817214, 0.436261271975, 0.00322284767875, 0.00748730392022, 0.00723595489299, 0.0613397670226, 0.00767925902608, 0.00552788188525, 0.417595726264, 0.00281227615947, 0.00711882411664
0.00154979719904, 0.0156227541482, 0.176370338622, 0.00646389856796, 0.00934629377787, 0.009678930399, 0.202744746762, 0.0291840727783, 0.0113021461421, 0.516029803873, 0.0173312189494, 0.00437599878096
0.00475092856883, 0.0183640288155, 0.226089972489, 0.00894980880987, 0.0179967456417, 0.00629112783873, 0.117209393712, 0.0149874491062, 0.010811204172, 0.560407809178, 0.00961030443304, 0.00453122723552
0.00776612691946, 0.0140149194891, 0.301047038565, 0.00620223624247, 0.00222859779856, 0.00922277810319, 0.19884702926, 0.00711976953943, 0.0109553535206, 0.435133166534, 0.00375265057476, 0.00371033345436
0.00233577085941, 0.0677328767977, 0.216642524043, 0.00931960757881, 0.0105884282965, 0.00264184288951, 0.148039580693, 0.0089565259107, 0.00503922239943, 0.522577790495, 0.00415670662828, 0.00196912340879
0.0289502442096, 0.0804982343116, 0.476777701208, 0.00999691630428, 0.1039341972, 0.0153437957944, 0.105116185141, 0.0166468167567, 0.0107323145169, 0.126486306741, 0.0117047797571, 0.0138125080601
0.00308883953428, 0.0151606771194, 0.234652724142, 0.00564977395587, 0.0262785227757, 0.0048411938802, 0.132818347279, 0.00951674320079, 0.00718481810611, 0.55148997598, 0.00628474665811, 0.00303363736886
0.00621264324026, 0.0563534517542, 0.240292512143, 0.0040504264735, 0.0619978008643, 0.00443966210747, 0.101160607944, 0.0125070564279, 0.0204187403682, 0.472823349082, 0.00375409272998, 0.015989656866
0.0162795945399, 0.0492374798768, 0.253432069558, 0.0165386039976, 0.0167129106608, 0.0136627147503, 0.181334815429, 0.0166996512564, 0.0145230008912, 0.39741293697, 0.0157838065035, 0.00838241556633
0.0325423102135, 0.0586498394411, 0.384204579065, 0.0190540946999, 0.0100313664002, 0.0130168320348, 0.145041265148, 0.0188130436579, 0.007259519464, 0.291740985126, 0.00911879680392, 0.0105273679453
0.0251726302128, 0.0338386972719, 0.383790876082, 0.0287448531626, 0.0163784949163, 0.00708735857284, 0.138765167294, 0.0179339424175, 0.0112238210415, 0.321583451058, 0.010022807697, 0.00545790027294
0.223588781358, 0.0328842271427, 0.523788202269, 0.0134713122911, 0.00885098001989, 0.001089128891, 0.074762850406, 0.00386591100168, 0.0108988192136, 0.093458459342, 0.00394566456341, 0.00939566350247
0.124021465961, 0.0380231134757, 0.558337287467, 0.0108238199778, 0.00869635031273, 0.00456188279084, 0.0414885784685, 0.00631366391024, 0.0110289459359, 0.18350480813, 0.00382880205148, 0.00937128151847
0.00517004078992, 0.0960312430594, 0.207035376161, 0.0132005901824, 0.00995274027196, 0.00352468149922, 0.036986416703, 0.0187202690631, 0.00861368215011, 0.585046459852, 0.00493931811027, 0.0107791821577
0.0261517771279, 0.131575706236, 0.260282573621, 0.0360819671745, 0.00857125927288, 0.00512290614323, 0.140168046515, 0.00792420731059, 0.0115406509853, 0.346379543353, 0.00827328651954, 0.0179280757406
0.0473308476755, 0.145801097415, 0.253148839868, 0.019324519551, 0.00305837607372, 0.00213767825909, 0.0367008236698, 0.0221928283626, 0.00557700985372, 0.456942570751, 0.00258495731231, 0.00520045120766
0.033737512455, 0.164457908632, 0.25549448129, 0.0138276827951, 0.00422223673767, 0.00274360653155, 0.00963720727183, 0.0165502359037, 0.0053088074015, 0.481450988789, 0.00257068418802, 0.00999864800415
0.0129026376589, 0.0198590947038, 0.285593078072, 0.00334578294304, 0.00660244518352, 0.00830187962087, 0.193306607916, 0.0140371585542, 0.00411742956974, 0.444809976192, 0.00462109796247, 0.0025028116239
0.0143860314077, 0.0210264471576, 0.422838880765, 0.0119944957912, 0.0155553008644, 0.0185775853627, 0.153888904964, 0.0106041651386, 0.0072478699751, 0.30874822564, 0.00732577323797, 0.00780631969519
0.0082665066476, 0.0523518349649, 0.444696157012, 0.00522729385315, 0.0224042508686, 0.00424567766533, 0.417098448388, 0.00887512136926, 0.011150136239, 0.0184763571522, 0.00489492418804, 0.00231329165245
0.00814955522397, 0.0331244681369, 0.61554855987, 0.0076339629662, 0.0158395723437, 0.00791372193402, 0.115827452813, 0.0115585395092, 0.0297620985168, 0.145636161125, 0.00671474638414, 0.00229116117738
0.00442388766509, 0.0189017677816, 0.329521897708, 0.00180880571292, 0.00699789199766, 0.00161164395256, 0.182078419258, 0.0138184211815, 0.0130674447948, 0.416114942483, 0.00921054329546, 0.00244433416924
0.00340484397594, 0.00863810884115, 0.326249183582, 0.00327277284311, 0.0031629888734, 0.00107107925266, 0.18057020317, 0.0129977060386, 0.0220807812361, 0.424877002001, 0.0104898818167, 0.00318544836944
0.00807756235824, 0.0141419502952, 0.335533458251, 0.00671800163574, 0.0102840176986, 0.00346557497636, 0.230904576658, 0.00708699576032, 0.01092930898, 0.346290987089, 0.0206062128915, 0.00596135340641
0.0039223095021, 0.0455346421803, 0.314168288205, 0.00212952974548, 0.0270798371546, 0.0017312666468, 0.250818116664, 0.0120758852659, 0.0136040753276, 0.315025099063, 0.00877057069719, 0.00514037954865
0.00228114615908, 0.0242150833395, 0.199647199854, 0.00202206053582, 0.0185594661159, 0.00148983999949, 0.151122266157, 0.00603340020378, 0.0181664975584, 0.567134120643, 0.00526092322916, 0.00406799620569
0.0181450011587, 0.017932916831, 0.277457198971, 0.00903845888907, 0.0151615843443, 0.00278481563418, 0.161391974063, 0.0141464971273, 0.0140068524258, 0.436991848433, 0.0241312965681, 0.00881155555452
0.00191069158013, 0.0126343375328, 0.199893450577, 0.00381250533884, 0.00783686612525, 0.000821191858985, 0.163852298918, 0.0134253220733, 0.0158875849806, 0.56844438831, 0.00916834171288, 0.00231302099157
0.00213596056421, 0.0245594703476, 0.17455635069, 0.00226172726871, 0.0177593974193, 0.0019167818541, 0.152222523929, 0.0184217126727, 0.013281557025, 0.579279312956, 0.0110276306108, 0.00257757466184
0.00444194111949, 0.0148532120643, 0.3548823008, 0.0054248746983, 0.00564693772114, 0.00236049098524, 0.0496285098316, 0.0196927811877, 0.016417834058, 0.518852142176, 0.00575073039424, 0.00204824496439
0.00454724988501, 0.0279723488501, 0.225807684596, 0.00293746445434, 0.0429609732213, 0.00208848424174, 0.267775621226, 0.0161911559948, 0.0126013011345, 0.381789276795, 0.00658631071458, 0.00874212888585
0.00254052965108, 0.0213125097391, 0.235115193502, 0.00273561292632, 0.0574786479015, 0.00192400476509, 0.0995298768094, 0.0199609007258, 0.0157258767052, 0.529914225031, 0.00878994060563, 0.00497268163776
0.00353426917335, 0.00806775779618, 0.422002836819, 0.0057007720975, 0.00701685030334, 0.00101951485273, 0.0494715006223, 0.0142683536439, 0.0213893886292, 0.460750388119, 0.00528571265538, 0.00149265528745
0.00649015122965, 0.0216878732709, 0.314290314691, 0.00683522945835, 0.00530666348808, 0.00230819649443, 0.0747199396365, 0.0131827005999, 0.0204629593294, 0.526414594362, 0.0060787862082, 0.00222259123252
0.00431544554105, 0.0159093042245, 0.282919377686, 0.00836161831755, 0.0171638721296, 0.00182197663657, 0.0767873819369, 0.0158734419671, 0.0140574325985, 0.549909585382, 0.0105363934638, 0.00234417011722
0.00256986543558, 0.0337673423579, 0.113585821781, 0.00429419590786, 0.0360009535653, 0.0013767027754, 0.0320752950724, 0.0186215008211, 0.0249552347326, 0.698954540367, 0.0186480309961, 0.0151505161872
0.00438790681718, 0.0127984930778, 0.512802078522, 0.00636988504659, 0.0237974093261, 0.00227715458904, 0.15293286185, 0.00160726412018, 0.0051741135528, 0.2740661432, 0.00188282693794, 0.00190386296078
0.0174811936231, 0.0278382161622, 0.513012543101, 0.00608425368685, 0.0377861982863, 0.00785483866874, 0.120305844442, 0.00476174595634, 0.0173120392061, 0.234673917985, 0.0107829433873, 0.00210626549623
0.00562140804381, 0.0366378856241, 0.278859780158, 0.00553785458703, 0.0243648761587, 0.00263812874026, 0.244826423421, 0.0186555347106, 0.0121623102519, 0.356043858258, 0.0117716911773, 0.00288024886915
0.0110737902929, 0.0651846883825, 0.168664013481, 0.00438352622131, 0.0324558584998, 0.00550770488872, 0.206503153844, 0.0074304696417, 0.00929469687913, 0.463024208622, 0.0235807741776, 0.00289711506898
0.0042433953733, 0.041115344927, 0.275085547947, 0.00712787293763, 0.0122191093356, 0.00254597149041, 0.555030345101, 0.00588910101395, 0.00485409735481, 0.085042315969, 0.00559706603166, 0.00124983251793
0.00637841246151, 0.00490275167095, 0.206395573454, 0.00460615052292, 0.02615738635, 0.00423788141689, 0.220840438197, 0.00711382171193, 0.0108570618035, 0.474305806636, 0.0330399462662, 0.00116476950996
0.00343161710337, 0.0156749877251, 0.345675678547, 0.00396634097044, 0.00831987574543, 0.00141915609677, 0.127663576968, 0.00786477389295, 0.0106178443775, 0.467986187152, 0.00621215149918, 0.0011678099223
0.0061406654626, 0.0225213362979, 0.318324458861, 0.0050420301876, 0.0138799975995, 0.00239973639181, 0.150411453452, 0.0119560602821, 0.00944611205186, 0.438507256308, 0.0184519672079, 0.00291892589783
0.00245499671862, 0.018066089316, 0.32179003076, 0.00328214953379, 0.0131648417414, 0.00100469372903, 0.0836863119576, 0.00845471900948, 0.016099121194, 0.527119915915, 0.00330069858458, 0.00157643154098
0.00455512293276, 0.0151696098396, 0.243008083822, 0.00263607186371, 0.035189106829, 0.00134017108842, 0.0684206622371, 0.0116389154766, 0.0126171187534, 0.593860584079, 0.00666366113359, 0.00490089194482
0.0105207135242, 0.0528682561309, 0.37118698119, 0.00962109812503, 0.0275729767319, 0.00904568565569, 0.159176985885, 0.0103166401313, 0.00769801239707, 0.323002281194, 0.0157806147198, 0.0032097543156
0.00397290997559, 0.0531682551847, 0.27849537296, 0.00606392144941, 0.0522354997585, 0.00444934256436, 0.171707519228, 0.00690080964433, 0.00887185709404, 0.400672157535, 0.00999359578904, 0.0034687588164
0.0144365163168, 0.0254068290303, 0.234017217918, 0.00616783376211, 0.0415804185496, 0.00512755933147, 0.0963414470825, 0.0107334612523, 0.0128101155877, 0.53982886839, 0.00955071399923, 0.00399901877988
0.00628161888274, 0.0284812998813, 0.230746967163, 0.00432112061349, 0.067247932116, 0.00231506639937, 0.0670175019069, 0.00915032377109, 0.00747428490594, 0.57020772522, 0.00464089073367, 0.00211526840633
0.0181256222808, 0.0413966588067, 0.273909483311, 0.0115569122345, 0.048707707811, 0.0100215243375, 0.134270643522, 0.00750145503083, 0.0125327914685, 0.401953414674, 0.0335177648466, 0.00650602167693
0.0282463801961, 0.061113356065, 0.263670363858, 0.010495746463, 0.0166890071989, 0.0064533770786, 0.187084910171, 0.00672742919639, 0.00695342893314, 0.359858597776, 0.0483438002801, 0.00436360278342
0.0118112634768, 0.0484665614618, 0.323181524785, 0.00892308624529, 0.0380451628821, 0.0119204154842, 0.159413166508, 0.00554876525657, 0.0212135182081, 0.345534611413, 0.020547649877, 0.00539427440202
0.0217883835792, 0.0698837626431, 0.245751578654, 0.0125986698982, 0.0699333832205, 0.0084208445037, 0.120564516883, 0.014541715376, 0.00758958953035, 0.411005811197, 0.0129095297277, 0.00501221478712
0.0338732204957, 0.016168099938, 0.400272287257, 0.00709483215066, 0.0440551255482, 0.00167037846809, 0.025945037818, 0.00641967910775, 0.00358030553094, 0.451015302526, 0.0047410075023, 0.00516472365758
0.00800753552684, 0.0335253843747, 0.300349606107, 0.00720760613794, 0.0405124160756, 0.00495641688998, 0.0222407933518, 0.00829007770846, 0.00426561874307, 0.559947711748, 0.00640405968121, 0.00429277365604
0.00485517880038, 0.0138186557193, 0.256727779348, 0.00746710721193, 0.0351747752166, 0.00570896121305, 0.0162082867331, 0.00403333468835, 0.0030643281433, 0.643800389152, 0.00669813505742, 0.0024430687159
0.00654908066955, 0.0413516099558, 0.556301153592, 0.0118123856939, 0.0207771991406, 0.00203097636266, 0.192078409057, 0.00457114934234, 0.00558275400225, 0.152216334035, 0.00219684372655, 0.00453210442196
0.0133046588704, 0.0816023932681, 0.343029842515, 0.0175273608992, 0.054592246016, 0.044824133321, 0.141412545085, 0.0123806950108, 0.00601876040954, 0.257499982526, 0.0212138008531, 0.00659358122629
0.011523155631, 0.0487326869598, 0.507180745352, 0.0161953344548, 0.025334399681, 0.0117570493283, 0.226501686062, 0.00932217729929, 0.00777401554827, 0.110997080621, 0.0193071406131, 0.00537452844901
0.0122104152367, 0.0340097864317, 0.24709629245, 0.00907857240481, 0.0619048239347, 0.0176031824877, 0.117787279657, 0.0119618467898, 0.0099706193175, 0.447489224757, 0.0226592889036, 0.00822866762938
0.0195537249434, 0.0164448597246, 0.252046218976, 0.00547884899494, 0.0716032932438, 0.00467791740949, 0.0160225669998, 0.00803882103786, 0.00614803128962, 0.593221009329, 0.00416941123828, 0.00259529681412
0.00352054686067, 0.0285223246261, 0.228630166954, 0.00320775965853, 0.0610352173062, 0.00603310824619, 0.0215251559052, 0.0115454109665, 0.0134116773548, 0.611790847132, 0.00629217265346, 0.00448561233602
0.0141965584081, 0.0332170944387, 0.341235989251, 0.00627516574705, 0.0606337014024, 0.00229236297736, 0.0458013235026, 0.00553635664306, 0.00462041078899, 0.475517944683, 0.00630349837456, 0.00436959378299
0.0251602047324, 0.0916818171678, 0.260521939682, 0.00678982216536, 0.0436391486273, 0.00734212880115, 0.148725721029, 0.0160083371024, 0.00544666408903, 0.363085958056, 0.0215418174525, 0.0100564410959
0.00934338609888, 0.0231010088072, 0.57668300288, 0.00833334216831, 0.0474583681362, 0.0024923247106, 0.0943246465055, 0.00161021181866, 0.00362629760522, 0.202866759699, 0.00515810638801, 0.0250025451825
0.0151042696642, 0.0587767637791, 0.282185404901, 0.00582530269986, 0.0669022140758, 0.00911982175418, 0.0683378446912, 0.00585313315032, 0.0106868815677, 0.454668297192, 0.0167055627045, 0.00583450382016
0.0118412899615, 0.0488968964853, 0.225032602731, 0.00966922297007, 0.154460952223, 0.0170724395494, 0.0678130814021, 0.0105169600746, 0.00939559242911, 0.423849283648, 0.00575146922436, 0.0157002093018
0.0023852818345, 0.0160883221907, 0.29903244689, 0.0067302230898, 0.0172370950253, 0.00902105006006, 0.148957211193, 0.00605616830243, 0.00290641787309, 0.480813369483, 0.00885062434182, 0.00192178971595
0.0155911003994, 0.0117196976058, 0.303198903456, 0.0124847595612, 0.0468991552701, 0.00939667850846, 0.0235762622751, 0.0116272819298, 0.013899896851, 0.53258541752, 0.00632097958174, 0.0126998670413
0.0205537578815, 0.0714546154612, 0.158613530981, 0.00565625594655, 0.123540993318, 0.00992324853839, 0.0276922969398, 0.00983850503846, 0.0166706232444, 0.544037519133, 0.00550285683593, 0.00651579668111
0.00487263557552, 0.0480133127077, 0.227947299436, 0.00375453536487, 0.0267157929512, 0.0025505141663, 0.495558820593, 0.00418304013451, 0.00462906058946, 0.166512678875, 0.0132996641555, 0.00196264545156
0.016128527635, 0.0492896534054, 0.388710373025, 0.0098737072925, 0.0391509928628, 0.00569034882684, 0.196467180399, 0.0129389690899, 0.0113440638013, 0.234909244149, 0.0204387207236, 0.0150582187889
0.0182082823188, 0.0469821581053, 0.320440995037, 0.00981628286045, 0.0702370565349, 0.00962912447547, 0.21215701357, 0.028949986601, 0.00992553195178, 0.212959582439, 0.0122354201534, 0.0484585659531
0.0124439413376, 0.0247251844199, 0.27179617587, 0.01366077606, 0.0258961602075, 0.0150875731229, 0.152608859305, 0.0139818606501, 0.00992784706918, 0.439061247252, 0.0152053256347, 0.00560504907154
0.0328903020819, 0.189285618596, 0.170110470532, 0.00815262422767, 0.0471632199161, 0.04417785538, 0.21921527904, 0.0201887774381, 0.0210141377498, 0.228678729738, 0.0153086613612, 0.0038143239399
0.0106980728965, 0.0536259924869, 0.1916939866, 0.00465519882459, 0.0275611044333, 0.00847021112949, 0.38122127427, 0.00726574262441, 0.0101090328735, 0.296152563048, 0.0068598293633, 0.00168699145027
0.00742522397833, 0.0638344623059, 0.260572213872, 0.0145585938871, 0.0266194075884, 0.0136160487958, 0.298021512824, 0.0165848785593, 0.0126425403178, 0.267263156405, 0.0125323071597, 0.00632965430582
0.0123655630456, 0.0636941494505, 0.234306833442, 0.0257792680633, 0.0765775473308, 0.0446773540631, 0.165406596686, 0.0142993849259, 0.0162497467806, 0.305405697224, 0.0301866288494, 0.0110512301397
0.0164073107476, 0.137147341341, 0.174039266245, 0.0262917393034, 0.0996158385918, 0.0223318039659, 0.141876254696, 0.0199132157562, 0.0254148267944, 0.302034575012, 0.024862509179, 0.0100653183682
0.00753115249985, 0.152270508317, 0.167650303035, 0.00734619238804, 0.0421156915895, 0.0159724574782, 0.0793044486164, 0.009207391636, 0.0065743257274, 0.459849493004, 0.0493548909194, 0.00282314479022
0.0160119981438, 0.0873221918694, 0.422912997125, 0.027429404806, 0.0867384348082, 0.0211098691556, 0.0216962059395, 0.00614313758713, 0.00704230140702, 0.28418098987, 0.00807365692372, 0.0113388123644
0.0482828518313, 0.038949152914, 0.282920672746, 0.0366692702505, 0.048278542886, 0.0488485636603, 0.155340467167, 0.0117546313463, 0.0128953544919, 0.286623970029, 0.0149651327685, 0.0144713899098
0.0163834754817, 0.0507339445925, 0.286732255563, 0.0198189621978, 0.0436186617563, 0.044299956599, 0.220908333607, 0.0188658786865, 0.0119400851447, 0.240057094327, 0.0322641715673, 0.0143771804762
0.00485290180451, 0.0490957627918, 0.307385254752, 0.00995306909975, 0.0377400411778, 0.0289819562583, 0.230681019004, 0.0064320747684, 0.0194852927029, 0.287394913001, 0.00725933949675, 0.0107383751429
0.0191046686917, 0.171230938249, 0.233935246703, 0.0220217515312, 0.067486429878, 0.0421425912702, 0.150903617983, 0.0345731826141, 0.0243396142372, 0.210631821981, 0.016041071555, 0.00758906530479
0.0113230375605, 0.0510609410623, 0.331903455374, 0.00735896661322, 0.0481623297694, 0.00623216549737, 0.0217641168901, 0.0136820103079, 0.011661542416, 0.486188430997, 0.00835128163233, 0.00231172187933
0.0222149321567, 0.0372403277265, 0.216416655389, 0.00858894869025, 0.260791638269, 0.0543030323332, 0.021975968178, 0.00516520837705, 0.0222436999389, 0.294376866174, 0.00248959079796, 0.0541931319703
0.00331723100349, 0.0743658706873, 0.194236051381, 0.00285611284673, 0.0276436670895, 0.0036889609826, 0.439115268488, 0.0054544743526, 0.00919881652361, 0.227509365664, 0.010325239867, 0.00228894111479
0.00510506070266, 0.105424943682, 0.553740042429, 0.0158509267517, 0.127118831838, 0.0176125666082, 0.0470054816409, 0.00709848012951, 0.00729958390137, 0.0952508987523, 0.00827430409973, 0.0102188794646
0.00669924449319, 0.0704488454907, 0.380074543144, 0.00723557277909, 0.0620549759136, 0.00803240375268, 0.348824884885, 0.00494093426178, 0.00530578995818, 0.0973034712034, 0.00516440685943, 0.00391492725893
